100 100
1 50 80 70 10 75 5 86 81 41 42 74 35 15 61 16 85 79 98 48 92 25 12 18 73 39 52 21 58 99 69 93 28 96 47 27 56 87 44 0 54 14 62 8 65 40 68 3 51 32 63 82 71 9 33 66 26 23 57 89 78 13 34 46 55 29 36 24 94 45 59 77 17 31 11 1 64 2 95 60 53 4 76 90 97 20 67 37 43 88 22 49 30 72 38 91 83 6 19 7 84 
10 52 65 21 36 24 51 46 90 34 48 5 59 33 43 13 54 85 74 72 12 71 64 25 26 27 8 79 99 86 97 40 61 73 55 7 1 47 10 57 98 19 89 93 49 17 42 20 38 37 94 35 80 70 15 28 82 77 23 78 4 44 60 66 29 32 84 2 22 3 50 6 83 56 76 95 81 91 68 96 39 31 41 16 53 9 18 67 63 62 30 14 88 92 75 87 69 11 58 0 45 
46 13 57 15 61 4 62 67 8 68 52 93 69 0 32 50 81 80 94 76 19 64 11 47 16 82 91 46 78 40 18 3 75 10 98 86 17 99 58 89 9 56 83 31 30 54 97 7 25 71 44 39 1 20 84 48 74 22 6 27 92 28 90 23 79 95 55 73 26 14 33 96 34 85 88 29 41 35 42 51 65 66 37 59 53 63 45 21 72 5 12 2 70 38 36 24 77 43 60 49 87 
26 21 82 50 24 27 43 41 3 26 75 78 17 87 35 2 84 25 60 58 22 80 68 16 42 76 57 1 37 6 19 83 47 98 10 9 29 44 77 72 85 48 74 88 55 73 12 52 64 28 20 45 33 92 39 96 32 61 38 34 66 79 71 65 91 13 30 31 95 70 18 67 11 40 36 23 7 93 46 51 59 97 94 54 56 53 49 4 62 86 5 15 99 8 89 81 14 69 0 90 63 
22 13 77 21 32 54 85 23 43 2 75 6 22 83 63 99 72 26 61 74 5 58 12 16 87 37 71 9 68 56 91 41 97 18 48 29 1 20 95 19 84 79 44 59 88 67 42 69 64 34 47 24 3 57 73 93 25 17 70 33 65 30 62 90 45 31 51 7 0 4 15 38 78 40 36 82 80 66 86 50 53 39 27 35 10 49 46 52 11 94 28 60 8 81 55 98 14 76 89 96 92 
70 60 98 80 12 89 77 78 5 27 40 22 72 52 82 28 30 79 81 62 56 43 9 10 54 48 71 33 68 58 31 70 1 4 21 97 36 55 7 64 85 39 3 95 45 32 73 0 66 88 46 96 63 16 47 53 84 15 24 67 2 76 87 65 94 59 17 75 6 42 69 86 20 14 19 25 61 13 51 18 57 23 8 44 49 93 74 91 37 38 90 29 92 11 26 50 35 41 34 99 83 
73 78 4 81 66 82 16 22 56 83 44 64 26 24 30 90 0 25 75 77 71 68 40 45 12 17 99 8 61 3 47 46 38 92 42 27 49 34 76 91 59 35 63 11 70 60 33 10 69 94 50 80 98 31 89 20 5 67 9 32 87 95 72 13 6 53 85 54 93 37 36 41 86 88 97 96 51 74 62 28 21 19 84 79 29 18 73 52 58 14 23 48 57 39 43 15 2 7 55 1 65 
64 95 17 87 29 94 51 36 28 8 9 40 50 58 15 73 41 18 92 72 1 74 46 69 37 38 59 4 16 80 90 32 65 99 70 48 14 93 82 49 84 81 64 52 55 23 68 39 45 27 89 60 25 91 57 86 56 24 75 31 66 83 88 71 12 6 22 44 35 61 33 63 3 20 78 76 77 34 5 7 98 67 21 85 10 43 0 47 13 62 79 26 96 42 54 97 53 11 19 2 30 
11 81 75 78 47 46 80 86 61 67 43 95 93 84 19 90 8 29 56 27 74 88 17 37 99 24 59 11 70 13 63 34 65 79 38 39 2 83 33 32 6 22 23 0 73 85 9 14 97 62 92 82 1 26 36 69 41 16 49 51 94 4 42 28 57 18 50 60 96 55 76 30 40 54 89 25 53 48 31 10 71 7 52 5 12 58 98 35 64 72 66 20 15 87 3 44 91 21 68 45 77 
64 52 77 99 91 21 34 81 17 98 26 86 22 14 57 37 42 58 2 27 83 82 94 61 72 97 59 29 10 92 96 43 9 73 40 31 32 89 30 47 64 33 36 69 78 3 95 35 51 20 39 15 60 66 6 24 71 1 11 85 16 67 62 12 87 44 45 18 70 49 19 68 13 90 84 80 75 4 41 55 93 65 28 7 54 38 50 88 63 23 8 53 46 5 48 0 79 56 25 76 74 
69 89 72 9 73 76 74 34 58 29 32 59 69 87 77 42 52 51 37 46 93 25 49 53 95 8 96 16 90 98 45 36 81 33 63 5 27 57 66 23 19 1 44 62 79 94 91 2 88 92 30 83 75 55 82 14 60 39 84 18 20 13 15 99 61 6 10 40 31 22 50 38 7 68 86 78 43 56 21 64 48 11 97 54 0 80 35 26 3 28 85 71 41 12 4 67 17 70 24 47 65 
16 70 59 32 51 97 61 43 36 62 37 71 13 20 52 69 58 72 49 55 30 33 4 48 79 0 93 9 28 21 46 5 47 22 6 8 90 76 67 12 86 98 87 81 78 73 89 35 40 15 96 44 53 34 54 85 31 99 2 65 84 95 3 42 38 18 14 80 16 11 24 45 19 57 50 94 88 23 39 17 25 7 68 63 1 64 77 56 10 74 91 66 41 82 27 60 26 75 83 92 29 
29 76 11 5 19 74 9 64 88 66 43 56 42 1 28 49 46 10 78 33 52 63 82 41 36 93 55 35 40 45 15 27 84 20 31 0 70 22 57 25 58 77 38 67 53 14 87 23 12 95 7 18 24 72 69 29 16 48 68 59 61 79 30 62 80 39 51 3 60 98 37 26 13 32 97 86 4 81 8 99 89 94 83 21 50 85 54 90 92 91 65 34 6 71 75 17 47 96 2 44 73 
55 66 59 31 6 90 81 19 78 57 68 71 58 30 26 69 93 51 15 80 16 73 94 79 47 60 72 63 87 54 52 88 1 4 45 62 33 43 67 39 7 21 23 14 40 17 70 3 97 77 61 50 35 29 53 86 64 99 13 95 98 49 9 89 28 37 25 41 20 10 5 74 34 32 12 0 91 85 84 46 11 55 22 38 36 2 96 48 75 44 42 82 76 65 27 18 8 56 92 83 24 
70 75 11 28 90 44 50 17 31 66 82 73 46 97 65 36 70 26 74 71 84 0 22 14 33 99 35 27 4 83 76 5 78 64 48 80 62 93 23 39 41 96 69 91 94 30 42 7 15 37 6 59 55 63 29 2 9 3 87 98 89 51 88 57 8 56 10 81 53 52 13 95 12 54 18 86 45 92 47 40 21 60 20 19 24 68 32 85 61 34 72 58 38 16 25 1 49 77 43 79 67 
57 51 72 85 90 32 99 37 77 84 57 46 55 80 92 0 33 36 1 16 29 78 67 2 34 96 18 95 53 11 70 61 12 81 25 86 14 58 91 39 49 40 30 73 62 87 15 71 31 13 10 97 82 79 52 74 63 3 26 41 44 88 56 98 9 42 22 48 38 59 21 23 76 83 5 27 66 50 89 7 94 4 68 8 64 24 65 69 54 28 47 19 6 20 45 17 93 35 75 60 43 
86 4 82 56 91 71 67 85 45 12 51 5 38 39 95 81 60 89 61 25 32 8 9 92 73 17 22 87 27 88 15 64 44 77 93 55 57 21 97 28 63 99 65 62 52 42 11 58 75 1 24 59 18 94 14 43 48 69 70 74 7 23 76 36 80 6 83 35 66 13 0 96 41 20 10 30 90 31 86 40 19 46 50 49 79 26 34 47 78 29 33 98 2 37 68 16 72 53 84 54 3 
2 93 57 42 22 68 35 87 94 63 73 4 66 17 82 50 78 85 46 34 54 36 48 25 32 31 59 65 91 13 61 96 55 11 77 84 24 74 64 90 33 2 98 37 62 41 6 27 10 83 9 7 38 67 40 60 12 18 30 43 75 70 99 3 0 80 76 53 51 14 28 1 45 8 29 5 21 81 19 47 71 89 16 52 79 95 88 69 92 86 26 44 56 15 49 97 23 72 39 58 20 
22 13 17 38 42 93 68 81 31 35 57 86 19 33 25 4 52 18 12 76 67 94 15 8 46 58 45 78 56 11 66 48 75 91 21 69 82 0 41 77 70 59 26 3 54 64 29 2 28 37 16 72 49 83 63 50 53 40 65 88 62 20 84 6 27 92 24 96 9 47 61 22 85 1 89 14 10 74 5 23 98 34 99 87 90 55 60 51 7 32 36 73 30 71 95 80 79 44 97 39 43 
18 81 95 89 51 36 37 82 91 87 19 69 57 10 39 40 45 31 2 74 14 9 20 32 52 41 68 34 96 43 0 80 90 77 42 5 7 86 3 78 8 38 75 30 26 79 16 24 18 49 98 29 11 73 63 54 23 47 46 21 13 67 65 35 50 58 48 76 53 85 92 97 60 70 62 6 84 61 27 25 64 93 56 66 55 94 1 83 59 99 4 28 15 22 72 44 33 88 71 17 12 
62 96 20 28 87 1 79 48 54 39 62 52 33 99 35 22 75 98 90 46 92 9 88 24 58 18 56 13 65 32 4 23 42 21 36 7 78 37 61 50 38 49 45 74 26 94 8 40 15 82 5 76 86 3 12 67 43 66 16 59 27 2 55 51 85 89 47 83 81 71 53 72 64 68 73 11 44 10 19 14 6 17 41 31 25 80 95 0 70 60 57 77 69 29 97 93 34 30 91 84 63 
35 9 69 70 59 92 62 80 68 64 6 97 30 71 38 82 63 15 7 99 75 57 73 11 46 18 84 10 66 56 87 14 27 36 41 0 52 39 49 48 43 96 88 33 51 37 17 24 86 35 25 19 94 47 67 50 26 90 98 74 8 5 93 53 13 28 95 77 1 85 2 16 20 81 29 22 44 54 3 89 79 55 60 65 32 42 91 31 58 21 72 83 45 61 34 12 76 40 78 23 4 
47 93 48 4 32 59 41 23 92 58 66 97 84 5 45 98 15 42 26 87 40 46 25 75 60 37 72 83 7 69 13 36 2 82 17 1 62 61 18 29 55 39 10 31 38 19 43 76 27 70 78 35 81 28 57 21 8 89 47 52 63 0 34 91 20 74 12 68 11 6 77 90 71 85 22 50 49 24 94 3 88 9 44 16 95 86 54 51 73 79 56 96 33 65 67 80 64 99 53 14 30 
6 25 57 29 20 90 81 1 86 46 69 3 93 58 77 9 14 2 15 17 39 10 13 35 49 67 51 61 26 92 44 12 59 64 22 72 6 89 19 21 31 71 62 78 75 36 0 56 4 18 76 83 23 96 97 52 7 45 74 53 94 87 33 16 32 65 47 28 38 8 88 30 41 99 42 11 66 84 50 5 48 73 60 91 80 54 95 63 85 34 79 37 40 82 98 24 68 70 27 43 55 
15 78 30 26 44 54 64 23 43 56 8 1 74 51 77 84 5 38 71 57 9 16 75 7 87 70 21 2 18 24 79 82 35 22 3 83 12 85 58 52 10 88 15 33 53 91 66 94 47 48 90 27 37 62 13 29 98 55 19 32 46 11 25 34 92 93 72 50 36 39 28 0 86 76 63 14 45 59 60 40 49 81 69 89 17 97 99 20 6 67 42 61 65 31 95 80 41 73 68 96 4 
42 13 67 7 84 28 68 31 41 58 85 40 51 92 36 10 80 54 83 37 64 78 43 89 74 8 69 48 44 9 62 0 33 5 46 91 59 56 39 93 35 11 86 70 26 88 71 22 18 15 24 47 14 63 66 6 90 17 79 25 19 75 55 65 61 72 32 81 52 21 95 16 30 99 98 50 20 1 2 45 96 73 42 60 12 23 34 97 38 27 77 3 82 49 87 29 76 94 4 57 53 
28 79 98 32 19 23 35 66 67 68 18 94 52 2 69 71 39 59 60 21 41 99 22 91 11 31 88 76 65 34 24 55 85 82 86 81 9 4 57 92 5 28 15 93 96 53 40 87 26 12 78 3 54 97 27 13 72 20 14 1 10 95 75 58 90 8 73 45 44 64 37 77 48 17 49 42 43 80 56 6 50 63 74 89 38 51 46 36 33 29 7 83 25 84 61 70 62 47 0 30 16 
14 33 72 2 62 44 40 17 24 29 20 25 78 45 75 54 13 98 80 37 87 86 16 1 58 52 32 91 82 5 3 56 60 26 73 83 10 50 19 90 66 59 6 7 47 51 27 15 61 93 46 11 23 65 31 49 0 39 99 92 21 77 22 18 34 64 4 79 69 55 74 94 76 96 67 57 97 68 28 48 12 71 30 42 14 8 41 70 53 63 35 9 95 81 89 84 36 38 85 88 43 
97 28 64 50 1 4 91 17 11 98 44 12 5 85 79 86 0 70 26 90 78 59 39 84 35 33 57 16 52 56 49 63 75 3 93 67 74 9 37 6 81 8 21 40 41 14 53 76 18 42 94 58 65 69 60 27 72 71 22 47 34 96 77 43 62 10 38 46 73 68 51 23 61 97 25 66 20 13 32 92 19 88 87 30 54 36 80 15 24 31 99 2 83 45 7 89 29 95 82 55 48 
5 3 10 24 79 27 13 32 8 31 82 35 65 1 86 55 26 50 4 40 84 75 15 91 61 43 30 45 62 28 70 17 71 88 47 12 41 14 58 37 95 57 6 90 9 78 93 46 44 22 39 98 33 2 16 83 51 99 69 18 77 34 81 56 66 7 19 76 92 72 87 60 97 0 80 67 49 52 63 54 21 85 5 53 25 42 38 94 48 20 11 89 36 29 64 96 23 73 59 68 74 
55 74 10 54 16 41 92 69 12 73 37 82 42 68 5 77 19 83 25 24 62 55 6 13 76 30 57 71 21 87 49 17 98 43 50 20 29 78 14 89 36 56 59 85 86 94 47 22 11 26 39 90 34 65 81 58 53 46 80 99 64 7 3 15 40 97 91 51 28 60 45 75 72 9 93 38 31 61 95 2 23 1 84 8 96 70 66 52 79 35 63 67 27 18 33 88 32 4 44 0 48 
89 97 41 4 87 98 60 83 91 75 27 48 36 16 28 80 45 12 62 6 94 56 7 99 81 24 51 22 78 70 29 53 11 30 18 76 84 67 5 71 66 2 59 54 8 68 49 35 86 55 19 15 40 38 92 61 63 57 95 17 20 10 82 3 21 72 14 0 25 34 65 88 85 93 73 26 13 46 39 9 32 42 31 1 43 23 89 96 33 37 69 44 52 90 77 64 79 74 50 58 47 
57 84 37 23 36 20 99 31 73 87 78 14 59 0 72 17 82 90 66 22 65 58 24 81 5 96 10 55 69 32 68 83 40 48 28 70 93 95 15 6 2 76 75 27 91 11 34 54 30 38 18 13 77 49 85 63 33 80 60 67 41 21 4 56 44 29 43 88 52 94 51 19 86 46 1 47 26 25 12 74 45 50 7 57 71 9 62 61 3 42 39 92 97 89 35 64 53 8 79 98 16 
93 71 78 27 52 35 25 73 53 11 70 95 40 37 51 19 2 65 67 10 86 26 14 80 75 87 13 81 15 36 0 42 49 84 83 90 29 60 74 56 91 38 93 48 63 6 24 23 82 20 41 79 59 34 85 5 64 68 22 18 46 94 61 76 39 62 1 30 17 58 3 32 99 21 47 50 72 16 7 28 33 57 69 4 98 44 66 77 31 55 8 92 9 12 88 97 96 45 54 89 43 
73 56 30 51 22 73 26 46 21 20 42 85 94 33 50 1 75 87 65 89 97 25 99 5 55 6 79 70 88 12 16 41 45 9 80 3 82 64 81 54 29 13 76 38 17 57 14 43 74 71 47 61 91 69 23 63 44 77 15 32 48 36 67 93 27 35 24 72 58 4 84 31 0 11 68 53 83 8 28 2 19 10 96 66 62 78 18 37 59 40 60 39 95 7 86 90 98 34 52 92 49 
2 62 53 78 64 31 75 90 86 40 11 55 3 14 29 81 56 32 27 21 69 96 34 49 43 30 93 38 80 22 24 70 94 79 87 8 67 99 1 83 39 60 4 37 5 35 98 89 10 41 26 18 95 84 46 45 57 61 72 85 51 28 65 19 82 33 9 6 73 91 16 15 74 36 23 12 92 68 44 48 63 42 77 59 52 50 88 97 58 76 66 47 7 20 2 25 71 0 54 13 17 
73 9 33 17 54 0 44 59 96 78 53 62 92 64 95 39 98 80 25 8 34 88 30 2 74 50 22 93 7 69 67 49 28 36 42 48 21 85 99 6 40 3 75 73 89 19 29 23 81 51 72 20 63 13 61 84 52 66 45 68 77 83 37 60 91 31 46 38 15 86 27 97 35 94 16 47 58 70 14 71 87 12 24 10 18 76 43 65 82 55 57 32 26 79 11 5 56 4 90 1 41 
87 78 11 96 85 39 30 20 63 9 10 46 1 18 3 27 81 83 88 5 58 60 72 59 70 29 92 93 79 24 37 14 23 12 65 99 16 17 77 44 75 67 35 98 76 40 7 50 84 97 32 62 55 49 82 48 73 94 15 41 68 21 61 64 57 86 66 45 71 22 42 43 13 2 36 53 38 25 51 34 89 26 8 87 19 95 4 6 47 69 91 80 74 28 31 90 54 56 0 52 33 
20 35 88 91 28 70 4 56 11 47 74 5 92 50 98 49 77 87 34 78 30 44 37 66 58 96 21 79 95 20 63 97 93 89 6 1 62 60 12 43 18 99 10 31 39 76 36 17 53 29 16 24 22 8 27 75 69 41 48 7 2 83 81 38 86 65 57 15 72 73 80 61 68 71 3 33 45 55 82 54 25 46 0 19 52 26 67 32 40 85 42 90 13 23 9 51 14 84 94 59 64 
64 94 96 41 36 73 5 9 48 83 99 26 24 49 14 78 71 90 38 87 45 62 84 33 77 86 29 64 82 11 40 10 12 47 7 74 15 80 57 46 8 32 91 61 28 53 97 51 72 30 63 4 50 21 55 25 67 52 23 81 2 79 60 59 3 69 13 19 20 89 6 66 98 92 70 18 22 27 37 95 58 56 31 17 68 76 0 35 1 39 34 85 75 42 54 93 88 65 44 16 43 
74 99 45 21 39 47 11 85 60 51 95 64 5 32 43 9 59 81 97 31 70 16 78 38 74 3 55 93 22 69 62 61 67 84 4 56 71 20 15 27 49 66 88 98 53 86 87 24 73 0 19 79 92 33 8 10 12 42 17 83 29 76 18 94 96 63 26 6 23 48 37 7 80 1 89 77 58 44 25 90 75 35 52 50 34 40 65 41 30 54 57 14 91 28 2 36 72 82 46 13 68 
15 77 98 79 8 74 5 7 15 53 92 25 81 34 70 76 51 89 19 18 41 47 63 99 71 6 48 13 45 54 12 61 44 93 38 0 68 17 64 80 46 78 95 67 65 52 75 37 31 84 29 1 57 94 69 83 10 50 16 66 60 40 35 36 90 27 33 87 88 14 39 43 21 96 85 62 86 11 97 30 4 24 91 32 23 3 20 42 82 73 72 58 9 26 49 2 59 22 55 28 56 
83 28 61 1 91 68 79 53 14 51 92 65 17 56 10 80 2 41 4 19 88 16 82 34 81 0 86 12 47 11 62 69 42 44 95 39 54 52 73 33 84 58 77 36 9 15 97 60 67 21 49 63 59 20 29 6 13 83 7 74 71 48 3 70 46 31 93 78 55 25 45 90 57 98 76 18 99 22 30 23 66 32 5 40 85 24 96 50 35 64 26 27 72 43 38 87 94 8 89 37 75 
2 77 19 62 74 14 38 80 12 68 82 34 96 43 63 26 56 95 5 35 48 93 21 58 10 11 7 47 46 23 99 45 49 73 64 4 91 50 65 8 69 17 88 27 28 94 22 75 78 59 53 97 30 31 40 39 15 54 60 61 25 0 3 70 66 51 72 84 6 89 18 57 55 2 36 87 44 13 92 41 20 42 90 52 85 24 67 33 98 29 83 81 1 32 37 16 79 9 76 86 71 
40 27 6 88 92 98 16 79 84 36 65 23 43 96 4 31 20 93 15 85 39 50 1 29 2 90 94 0 33 32 60 13 56 69 53 28 91 62 83 57 25 34 3 81 48 71 87 86 55 72 63 37 11 45 46 78 7 73 12 68 19 35 99 18 67 74 80 30 77 70 17 76 89 9 38 8 41 59 75 14 40 95 58 49 54 42 10 61 21 26 5 51 47 97 44 64 66 52 82 24 22 
15 37 41 42 21 58 62 55 29 47 75 17 31 69 56 16 28 95 36 90 77 87 76 39 12 2 63 59 6 68 83 25 53 49 94 8 67 27 91 38 10 51 22 70 73 61 32 18 60 13 66 74 24 99 81 86 15 92 43 33 80 57 79 44 54 26 72 35 89 14 52 5 48 65 19 9 11 96 82 97 1 23 34 88 98 4 64 85 0 50 93 46 20 84 78 71 7 45 30 3 40 
100 85 48 69 47 66 59 27 77 83 72 18 91 39 17 44 42 32 16 31 89 24 73 55 11 2 9 80 3 6 13 33 79 53 19 58 37 88 36 50 21 38 26 76 35 68 49 25 93 30 5 57 34 1 51 56 81 94 62 71 99 40 74 12 46 82 98 96 54 95 52 60 23 63 64 15 84 10 22 90 87 70 20 7 61 97 43 65 29 8 92 14 0 28 4 86 41 45 67 75 78 
45 41 82 45 79 56 18 38 87 88 49 23 15 31 66 68 46 35 28 99 12 98 86 92 54 67 20 93 75 95 77 2 43 48 17 30 7 84 53 9 65 55 8 74 59 85 60 70 24 42 57 47 5 72 22 4 50 33 40 26 16 0 51 73 21 69 80 78 11 61 39 13 96 62 97 71 90 29 27 91 19 76 63 36 32 1 3 64 58 10 6 81 34 89 14 94 83 44 37 52 25 
64 69 18 93 43 91 22 24 5 25 88 37 42 26 56 9 64 11 53 30 96 55 39 73 49 46 4 45 92 79 63 40 52 71 28 34 60 13 35 84 10 75 77 61 29 14 38 12 15 41 65 97 2 95 6 85 72 66 48 62 78 33 3 76 7 36 81 80 89 31 8 16 0 83 58 20 19 23 47 87 90 86 17 70 68 1 51 99 94 21 59 67 50 74 32 44 57 27 82 98 54 
24 43 79 0 7 54 20 92 28 35 19 33 73 58 62 69 52 21 94 9 24 89 8 97 42 55 80 88 18 93 57 36 44 53 38 5 6 56 12 67 23 11 22 72 96 75 76 87 49 3 29 26 2 27 37 82 83 1 59 46 86 84 51 39 64 60 50 32 40 71 25 91 74 70 15 30 66 95 61 65 16 13 34 31 14 47 10 48 17 63 90 78 81 4 99 68 85 98 77 41 45 
52 94 74 10 60 56 41 28 91 71 6 83 17 7 31 80 75 22 19 39 65 3 53 67 96 95 84 52 9 59 55 62 98 33 2 93 36 38 4 11 89 8 48 54 68 61 13 0 35 45 76 44 86 51 47 99 46 42 16 34 97 14 32 90 20 78 25 64 58 40 18 88 21 23 63 81 50 27 92 82 26 79 57 37 72 30 15 49 69 5 43 77 87 70 24 12 85 66 1 29 73 
56 3 1 90 77 56 54 81 64 86 42 9 29 66 68 6 5 83 40 4 92 76 51 26 13 36 74 17 24 55 44 78 49 45 85 53 62 93 22 72 20 10 32 98 89 39 12 15 65 28 0 75 11 96 94 82 8 14 48 33 67 50 57 41 63 80 69 31 21 58 71 25 47 34 99 84 37 35 27 87 60 18 91 23 30 52 73 97 70 59 95 2 7 46 88 16 61 19 38 43 79 
80 96 12 63 23 56 39 0 20 18 26 94 58 71 84 15 88 67 7 24 90 35 40 89 69 79 2 42 91 57 10 34 75 1 54 28 48 70 98 62 36 27 5 72 51 44 85 52 3 49 50 76 43 73 8 86 30 68 78 83 66 92 32 17 81 6 97 55 38 77 80 19 25 31 82 93 11 13 95 47 41 60 74 14 99 64 29 9 59 45 53 87 37 21 65 4 33 46 61 16 22 
14 51 64 5 57 52 9 74 65 11 35 99 10 13 55 89 76 46 33 43 32 56 24 85 67 23 36 28 77 96 29 2 50 44 84 38 95 53 20 86 8 27 62 54 42 68 48 78 12 39 58 34 60 70 61 30 17 22 31 4 94 47 26 40 66 75 49 79 88 41 21 98 83 91 59 16 19 7 82 3 37 45 73 92 71 90 0 93 15 87 6 80 1 63 97 72 69 14 18 81 25 
60 16 28 66 6 44 82 3 87 1 93 65 14 89 24 25 23 90 39 53 73 60 61 26 84 76 34 51 22 7 0 41 10 92 96 83 13 11 17 47 62 85 32 20 4 38 43 2 74 57 80 95 31 68 5 88 30 35 81 78 52 36 56 94 75 19 18 67 55 21 97 69 8 63 77 50 15 29 64 58 86 99 37 9 49 59 54 40 98 70 45 72 91 71 42 12 48 46 79 27 33 
98 41 34 6 23 29 42 99 94 19 3 49 95 91 21 39 22 5 71 59 15 70 50 98 33 61 52 17 55 60 57 85 63 90 14 11 45 44 31 64 32 75 88 76 27 7 12 30 36 68 0 47 51 40 93 72 86 48 62 10 82 87 69 83 67 78 16 1 96 97 8 24 20 74 26 37 58 73 35 56 25 65 54 38 84 80 46 79 66 2 53 89 81 28 92 18 77 4 13 43 9 
29 68 6 55 15 19 0 74 57 1 3 27 12 78 91 48 94 38 22 40 58 66 71 9 88 93 54 4 2 76 17 44 36 96 26 37 32 33 53 62 67 14 45 5 87 29 85 61 31 24 89 30 84 13 8 80 34 77 10 50 35 7 86 73 11 59 97 51 43 69 21 60 92 47 90 46 56 25 39 95 49 98 70 79 41 64 42 65 23 75 72 52 99 63 28 81 18 82 16 20 83 
19 90 19 35 62 4 74 80 79 51 32 23 77 72 43 93 28 54 55 3 10 69 40 16 1 78 41 24 60 45 49 26 39 5 30 63 67 83 14 70 13 11 0 53 52 38 2 75 48 99 44 17 6 76 33 46 85 7 12 58 18 81 91 86 8 59 56 34 20 15 42 36 31 89 82 87 84 94 96 88 57 29 68 22 65 47 9 21 27 50 66 95 92 64 98 37 25 61 73 71 97 
45 82 60 2 29 61 53 12 69 16 64 18 4 25 86 51 71 45 83 30 48 88 68 46 33 3 7 72 67 62 92 50 1 20 59 56 81 97 6 54 84 32 23 63 21 37 75 99 58 40 41 57 8 87 28 66 89 17 35 26 24 27 65 85 9 93 96 38 47 73 91 44 98 10 36 79 22 90 76 13 70 49 52 5 0 80 19 39 42 77 15 34 11 78 55 74 31 43 94 95 14 
90 81 41 38 79 71 27 86 50 82 6 96 12 59 66 5 36 35 42 58 39 10 45 18 92 93 30 76 32 24 55 89 63 54 17 99 62 53 8 90 52 85 19 60 68 31 26 2 0 91 4 75 11 44 98 25 80 95 21 49 13 23 57 3 77 40 69 37 47 15 97 22 72 73 61 7 64 48 88 84 70 46 20 33 56 34 9 65 29 87 83 78 1 16 43 67 94 51 14 74 28 
46 4 74 96 27 92 48 35 84 32 81 18 97 95 51 12 40 71 65 90 38 80 11 76 82 79 36 60 50 15 56 2 23 43 28 87 75 67 22 29 44 10 25 5 6 37 53 30 14 24 42 83 73 8 59 54 9 3 94 31 1 19 17 93 20 61 26 64 16 39 68 57 62 85 0 66 98 77 99 88 58 49 78 33 47 55 34 70 89 91 41 69 86 13 46 72 63 21 7 52 45 
96 97 25 5 27 11 84 35 88 33 41 31 66 39 92 52 4 60 69 44 79 7 83 13 9 93 85 55 38 46 80 71 40 77 20 29 15 70 90 1 51 65 22 14 89 36 48 61 94 86 98 74 96 63 95 47 73 24 18 43 68 42 26 82 87 37 34 75 6 21 32 59 30 99 49 50 45 76 28 67 62 23 12 10 19 8 2 58 72 3 0 16 53 57 17 78 91 81 56 54 64 
64 22 57 6 78 77 42 44 73 25 47 93 46 95 37 34 48 61 84 52 74 59 72 5 86 67 90 91 66 97 15 29 64 35 26 76 96 30 4 40 19 88 92 12 3 89 7 39 62 2 83 53 79 32 11 80 24 36 69 16 71 81 55 23 58 31 49 70 13 45 56 63 20 33 41 98 10 14 1 68 94 8 54 99 28 75 9 27 50 60 65 17 0 51 21 82 18 38 43 85 87 
75 67 24 39 62 95 73 97 87 18 68 33 71 77 5 64 17 12 75 40 99 92 38 60 21 8 41 11 70 36 90 2 50 65 86 61 46 84 55 1 54 89 72 83 20 94 91 66 93 4 80 47 76 53 51 52 22 48 15 16 43 32 23 45 13 14 88 49 69 26 0 56 96 7 82 78 9 81 37 30 58 79 44 29 57 63 74 59 19 28 3 25 10 6 35 27 98 42 31 34 85 
71 37 44 73 77 87 22 68 51 56 66 20 25 40 12 82 42 17 45 78 97 8 74 65 16 14 2 92 60 63 81 27 94 9 83 85 43 24 46 6 96 29 64 13 80 50 58 57 41 3 7 59 10 52 55 70 90 15 18 1 19 91 95 21 99 28 0 53 39 75 30 79 62 38 71 76 93 72 49 86 69 33 35 89 61 32 47 67 5 4 84 11 36 31 54 34 98 48 23 26 88 
21 10 65 22 50 35 61 96 20 44 75 91 53 43 16 25 30 17 82 14 55 48 80 45 67 73 11 95 5 81 9 26 94 31 21 15 42 7 71 90 36 87 64 60 4 3 12 78 28 54 74 41 77 23 86 33 29 56 98 51 68 57 93 46 70 13 18 63 37 32 39 76 0 24 88 92 49 38 83 58 59 66 79 52 85 99 27 2 8 1 69 6 72 47 62 19 34 97 89 84 40 
29 10 31 28 48 18 47 7 13 40 6 16 38 15 9 32 33 71 45 81 49 66 94 95 99 93 21 84 5 64 80 87 3 43 46 37 55 92 89 85 57 35 0 4 75 67 29 58 88 36 24 83 79 42 19 27 63 97 56 68 22 61 62 96 52 73 76 77 53 26 72 30 90 86 70 17 69 12 8 78 25 59 44 1 50 39 82 98 74 60 23 54 91 2 14 65 11 41 20 51 34 
82 28 96 75 70 80 46 86 4 31 44 0 32 57 98 29 66 39 25 89 77 95 20 81 93 10 19 21 16 53 61 74 14 38 17 94 78 84 34 83 23 59 26 71 12 33 11 56 36 7 15 9 68 92 13 69 22 48 85 82 5 64 27 45 8 47 49 58 65 67 18 35 72 97 90 43 62 24 63 42 3 2 79 99 37 76 50 51 54 87 52 91 30 1 88 55 73 41 6 60 40 
94 56 19 65 39 8 97 74 67 59 46 55 38 30 75 50 82 87 76 77 3 37 95 80 21 10 4 25 44 60 58 94 90 54 52 34 29 92 32 72 51 47 62 1 36 66 13 12 5 61 43 86 33 16 26 96 22 2 63 40 89 11 99 48 81 78 15 42 91 18 83 6 69 24 41 23 0 98 49 71 88 45 64 9 53 85 93 20 31 17 7 84 27 70 68 79 14 35 28 57 73 
89 57 39 65 45 85 37 77 1 40 98 38 82 7 11 6 97 25 93 16 50 56 21 72 49 86 29 32 30 15 5 3 51 44 10 52 73 23 75 79 71 31 54 34 35 84 2 61 42 91 53 48 89 24 17 67 46 88 47 14 92 90 60 76 70 69 33 20 99 8 94 55 9 28 43 36 66 12 80 95 58 78 74 63 68 19 81 96 27 87 64 13 62 83 18 59 22 0 26 4 41 
47 76 70 82 7 47 27 2 65 55 22 25 61 39 51 87 6 89 44 62 63 23 26 8 98 99 21 18 10 71 96 11 35 91 66 50 81 57 30 16 53 73 14 92 43 28 20 31 69 4 45 88 41 36 64 5 46 60 49 77 58 33 42 48 38 86 75 78 3 90 67 59 93 9 12 68 34 24 94 97 19 1 17 40 15 85 0 32 84 13 72 95 79 54 52 83 37 80 29 74 56 
50 83 89 17 23 73 35 76 98 22 61 15 78 19 90 47 26 56 63 53 29 64 60 49 84 40 39 1 3 72 51 30 94 52 18 87 69 41 8 70 20 48 74 31 67 77 85 7 88 13 36 10 66 45 5 33 62 71 14 58 93 21 96 80 4 44 12 28 43 25 86 27 65 34 9 16 50 2 95 75 99 97 92 32 59 79 38 37 91 57 0 46 82 24 42 6 68 11 55 81 54 
98 66 37 81 52 12 43 38 27 93 35 95 23 77 21 31 89 32 82 61 72 10 69 86 88 96 85 14 46 50 42 94 71 90 83 6 97 80 0 8 45 41 11 40 65 92 20 15 59 25 74 53 98 55 30 48 22 49 47 70 24 2 75 99 76 78 1 13 17 56 51 58 4 67 16 60 84 33 28 18 54 39 3 87 29 62 63 79 36 73 9 7 26 68 44 34 64 91 19 57 5 
70 23 33 3 54 98 5 87 21 61 41 27 14 67 43 96 35 1 71 30 70 49 62 95 64 17 81 94 63 8 82 44 57 69 2 66 29 92 52 83 68 48 88 15 97 18 80 46 9 22 47 53 19 74 90 73 85 26 36 7 78 16 12 77 99 38 4 72 28 13 6 45 51 79 55 76 75 32 31 56 20 65 91 60 59 58 84 0 86 24 37 89 11 34 40 42 93 10 25 50 39 
42 94 27 25 91 71 1 26 52 61 56 90 60 88 95 46 70 89 65 10 41 97 80 23 15 72 96 6 55 77 42 5 73 82 68 62 32 33 99 35 17 84 44 22 67 75 30 81 83 34 86 20 54 66 43 18 40 16 48 49 12 38 74 2 87 93 51 45 47 19 0 37 98 76 78 4 3 57 21 9 59 50 24 31 85 53 36 39 14 11 58 92 63 64 7 79 28 69 13 29 8 
66 64 86 65 53 63 42 8 33 27 29 28 43 87 1 60 99 71 73 94 62 3 95 47 49 12 70 77 0 23 78 57 85 58 97 68 2 81 80 45 41 25 48 79 89 7 52 10 21 51 35 11 17 67 34 39 36 38 19 90 98 18 13 96 88 16 4 44 75 14 37 72 22 66 55 15 84 76 82 93 69 6 91 74 5 61 30 92 40 20 26 32 59 50 46 31 24 9 83 54 56 
16 56 32 41 18 48 38 87 0 1 57 31 34 88 15 10 23 95 52 85 92 42 54 86 53 58 39 70 46 71 67 21 72 13 40 22 3 5 61 66 30 69 33 93 12 6 4 82 27 63 44 9 51 59 29 20 64 19 45 81 43 17 25 84 76 90 96 80 28 77 2 94 47 75 99 78 50 73 26 74 37 11 35 65 68 89 79 36 8 7 16 49 60 98 91 83 97 55 62 14 24 
44 77 83 67 84 86 79 31 39 70 47 81 80 48 96 92 82 71 74 15 25 40 69 56 95 18 6 62 2 35 32 10 52 8 9 76 50 0 24 5 73 7 91 72 27 65 58 22 64 1 66 49 59 3 44 19 75 34 30 89 97 78 46 33 29 60 14 85 51 41 17 94 87 53 93 37 88 55 20 42 57 23 63 12 26 11 36 28 90 16 99 54 45 38 4 43 68 61 21 13 98 
19 82 93 48 50 95 54 81 86 58 61 55 7 53 17 5 69 35 25 45 6 65 90 21 98 96 73 1 2 23 31 97 94 84 60 38 44 46 87 28 51 33 80 74 40 29 89 43 72 32 77 83 49 75 13 79 30 11 15 26 20 22 68 52 24 19 42 39 62 71 37 36 12 4 3 18 27 76 78 41 16 9 10 8 66 34 70 85 14 99 64 0 92 88 91 47 59 57 63 67 56 
50 71 10 36 73 77 40 20 61 9 88 47 22 32 45 68 89 67 93 3 19 59 13 35 24 14 29 0 64 62 7 65 74 4 27 94 79 87 78 11 92 72 84 46 70 44 16 38 95 75 17 60 85 41 56 25 55 23 83 18 51 48 97 12 30 99 69 98 63 80 52 90 28 21 86 6 76 96 82 26 1 43 91 81 66 58 5 31 42 34 33 37 50 54 49 8 53 39 57 2 15 
24 99 25 47 13 60 1 74 16 26 65 51 37 92 82 4 83 96 78 53 32 59 28 20 29 31 8 90 61 72 95 6 93 24 10 15 66 68 80 48 50 79 76 14 2 71 91 94 56 98 39 88 63 62 57 35 40 70 11 54 87 97 7 85 18 45 46 38 9 34 0 73 43 69 5 21 86 77 89 30 64 33 84 81 55 27 49 75 58 52 17 36 23 44 3 22 42 41 12 19 67 
26 70 35 52 75 94 67 4 51 37 62 89 77 65 18 99 11 9 16 86 79 60 95 21 74 45 58 96 83 85 63 13 78 1 20 54 23 64 47 33 29 69 56 71 3 17 38 50 2 73 26 59 76 97 66 25 34 72 0 5 61 53 10 91 28 43 90 14 82 40 7 84 24 32 57 48 55 30 46 15 41 44 27 19 49 31 80 36 81 87 22 39 68 88 12 98 42 8 6 93 92 
58 25 83 60 50 21 22 62 5 26 39 4 20 38 98 30 75 66 12 48 18 85 11 84 33 51 99 15 67 27 16 43 56 65 73 59 82 14 78 2 32 79 71 34 76 37 36 1 17 81 88 86 93 95 13 23 7 63 53 46 28 44 97 47 41 3 10 24 64 49 94 9 54 96 69 70 91 58 35 87 45 6 57 80 74 72 31 0 89 19 40 42 77 92 8 55 29 90 61 52 68 
27 64 7 95 72 45 0 8 26 59 18 35 10 94 80 48 38 66 96 25 4 78 28 84 23 91 57 76 36 71 29 24 50 5 6 44 27 82 87 93 97 32 2 15 19 55 88 11 73 13 9 68 20 70 58 17 79 39 69 31 46 74 81 51 21 62 16 54 99 56 85 22 60 12 47 65 75 63 37 98 67 77 86 61 90 40 83 34 43 41 42 89 53 30 3 14 92 1 33 49 52 
7 93 42 55 62 54 38 36 77 40 92 6 12 56 45 86 0 85 13 25 15 69 89 51 52 63 7 8 26 76 47 66 74 21 43 31 61 78 87 95 30 1 73 32 41 81 9 44 16 68 2 65 18 71 20 84 17 58 3 67 57 70 39 14 91 94 72 46 28 19 10 29 96 75 27 48 22 98 5 50 83 79 23 80 64 88 49 34 90 4 33 97 37 11 35 53 24 99 59 82 60 
98 22 5 3 10 33 40 73 77 6 44 71 9 70 32 72 4 17 54 89 80 78 93 95 79 91 23 81 76 27 20 7 43 61 82 1 99 21 53 39 35 68 46 34 12 85 47 0 16 31 24 49 58 48 59 42 37 2 96 15 94 55 74 67 18 26 11 62 30 92 66 41 75 83 98 19 52 36 88 84 90 97 86 29 60 64 50 28 38 25 87 57 63 45 69 13 51 14 56 65 8 
50 25 65 89 68 66 5 75 56 27 42 41 6 67 26 20 69 0 3 82 53 8 73 55 37 39 19 21 77 44 35 92 96 86 61 78 83 1 13 94 24 52 51 88 33 76 64 87 59 9 2 30 18 74 11 97 46 28 91 17 32 98 23 29 7 22 71 58 85 84 50 4 81 57 70 72 31 49 38 34 43 90 54 95 93 15 12 45 62 36 16 48 14 80 47 63 10 40 99 79 60 
18 92 62 50 10 84 2 75 28 97 43 29 47 26 8 44 57 90 1 77 95 0 5 34 32 20 7 11 83 93 88 51 30 66 89 96 98 58 14 37 36 12 56 6 91 48 42 19 53 70 45 40 22 76 78 39 85 52 73 82 64 87 4 3 67 59 49 31 41 15 54 74 33 81 86 17 55 9 24 94 35 69 16 38 68 25 21 13 80 72 60 46 18 99 79 61 71 65 63 23 27 
91 83 84 52 82 73 12 55 10 86 71 26 97 78 57 94 16 7 44 47 19 91 17 9 42 56 6 54 21 67 50 92 95 8 87 11 96 79 45 37 31 66 62 85 88 3 49 51 59 76 15 72 0 2 1 24 13 25 34 41 68 14 60 75 38 61 39 22 5 35 99 28 53 20 27 65 58 33 80 4 40 74 23 29 32 48 70 98 89 46 77 36 63 18 81 90 43 30 64 69 93 
69 32 63 77 66 12 18 60 73 13 1 28 23 81 21 62 70 3 97 14 9 64 7 47 87 10 50 44 17 41 72 99 95 6 27 51 0 38 79 98 94 83 16 88 49 5 37 48 54 74 69 42 90 85 59 76 52 31 91 22 46 75 33 65 29 86 11 58 93 96 92 35 36 53 56 55 57 8 4 24 20 34 61 26 30 71 43 89 40 68 84 39 2 19 45 82 25 15 80 67 78 
86 42 99 48 25 18 60 33 31 66 74 54 22 39 16 1 82 17 56 26 95 28 9 93 11 78 88 21 10 30 8 40 49 71 73 75 67 19 29 38 94 86 44 23 92 81 50 32 7 85 12 5 64 43 55 13 80 62 83 87 59 63 76 27 57 51 70 4 36 0 91 97 77 65 2 69 96 52 6 45 68 24 47 61 20 72 37 89 34 41 46 53 79 15 84 35 3 14 58 98 90 
36 71 99 42 27 98 95 53 50 83 66 80 8 4 6 85 65 30 48 78 49 67 51 33 43 87 58 22 46 3 14 1 69 7 64 26 16 40 79 34 0 57 12 61 86 10 84 29 32 59 9 56 15 89 28 39 17 62 74 41 54 93 55 73 76 75 23 2 60 18 92 72 11 24 63 31 45 37 96 81 44 20 97 52 91 94 35 90 13 68 38 70 21 77 19 25 82 5 47 36 88 
1 39 85 12 94 31 53 58 11 71 70 67 66 2 30 25 49 82 7 89 45 79 74 55 84 76 91 50 63 97 18 48 35 33 3 92 87 44 28 26 80 14 27 22 40 62 16 77 69 24 51 34 60 6 54 56 96 75 47 21 10 41 95 64 83 81 32 99 88 61 19 5 20 68 8 98 73 29 65 59 86 78 36 93 43 15 52 0 42 4 23 37 13 46 17 72 90 1 38 57 9 
39 14 57 0 41 94 64 20 44 43 12 59 11 1 69 71 90 70 21 87 96 3 66 89 76 49 9 5 24 26 73 99 85 40 31 34 79 84 75 23 56 45 65 78 22 37 51 7 2 42 53 39 54 6 15 29 19 93 72 86 27 30 36 46 33 60 32 47 18 61 8 38 55 28 91 88 25 62 68 50 17 35 10 74 4 77 95 67 13 58 48 97 63 52 92 82 98 16 80 81 83 
57 90 82 25 39 66 3 52 88 94 57 44 85 71 12 72 21 96 63 80 24 27 98 6 15 4 61 5 32 59 74 29 13 68 93 1 14 22 43 46 30 75 81 79 60 34 18 97 76 87 50 23 19 84 36 33 51 0 10 9 55 8 45 69 42 31 28 65 16 7 58 35 17 89 56 49 64 95 67 92 83 91 20 62 77 47 40 53 11 86 78 41 38 26 48 99 54 70 73 2 37 
87 80 48 9 75 73 70 38 15 41 79 28 8 55 4 81 56 46 98 54 42 52 35 51 26 29 71 92 44 43 19 88 95 72 63 7 89 67 60 93 12 0 2 99 86 87 40 22 27 20 6 3 53 25 61 66 23 34 90 64 74 17 32 49 11 59 96 62 5 83 85 31 50 65 91 97 77 39 1 84 47 82 13 36 94 68 21 30 45 33 78 57 24 76 10 69 58 16 14 18 37 
21 65 81 53 13 16 8 71 46 42 70 93 35 72 7 54 62 43 66 33 38 76 97 82 18 32 2 0 91 28 52 61 21 88 77 87 63 57 83 30 27 6 55 3 11 58 49 99 75 68 23 96 36 1 17 24 50 25 56 59 26 20 98 31 60 10 34 12 14 48 94 80 90 89 5 39 78 85 51 74 19 73 4 64 29 92 45 95 79 41 47 44 40 67 84 86 37 9 22 15 69 
99 92 97 62 24 77 19 59 18 32 20 37 2 81 49 93 44 40 31 7 69 4 60 79 15 34 26 28 78 45 42 61 52 56 36 21 0 84 86 58 80 96 6 66 88 12 25 70 1 63 23 39 5 46 8 91 50 43 54 14 38 13 53 35 33 29 55 41 17 82 99 47 16 89 48 22 27 11 57 71 3 85 87 73 72 76 10 83 75 98 30 94 9 95 65 90 68 64 51 67 74 
42 44 46 99 15 5 87 21 16 94 67 97 98 57 25 81 14 90 68 32 10 75 48 47 88 54 6 61 43 1 50 96 24 17 39 35 23 77 4 2 30 11 13 92 91 74 58 72 9 86 66 76 95 26 80 34 59 36 63 78 42 20 29 85 8 12 31 84 65 7 40 19 37 3 22 73 62 60 27 69 41 38 83 33 18 71 28 51 53 49 89 55 64 56 79 82 0 93 52 45 70 
55 17 91 57 86 77 59 72 62 1 53 55 23 90 98 29 0 83 15 16 64 40 47 63 46 6 54 8 68 21 31 87 24 32 69 71 9 61 95 19 34 78 5 58 56 13 38 41 70 85 49 97 27 82 26 81 20 3 75 60 4 25 79 52 10 22 66 30 67 7 43 76 14 65 35 73 39 96 44 80 92 94 99 11 33 89 93 36 18 12 37 84 51 42 74 45 50 28 88 2 48 

100 100
64 2 7 79 81 33 32 45 54 82 85 87 16 34 5 50 12 22 68 59 23 70 31 51 27 13 67 97 37 18 76 99 95 98 58 56 72 62 46 61 91 80 74 86 47 40 25 11 64 84 4 20 0 52 93 78 53 55 66 26 28 42 41 24 9 8 92 96 38 43 60 36 89 77 1 19 14 10 49 73 39 3 90 83 35 17 88 75 29 94 63 65 30 69 6 21 57 44 48 71 15 
79 32 63 5 26 0 86 77 47 72 68 89 25 13 12 44 45 85 70 58 60 75 51 65 92 76 97 95 84 91 16 67 30 99 31 24 53 83 46 27 94 54 34 74 22 3 43 23 37 81 7 41 80 36 8 69 38 2 11 17 57 48 35 52 42 10 4 14 90 59 82 73 62 33 56 6 55 1 9 50 71 87 93 40 29 96 61 64 18 79 21 88 15 28 49 39 78 66 19 20 98 
84 68 7 2 48 18 21 90 89 27 63 5 69 81 4 28 58 15 32 65 88 35 84 82 83 79 60 19 95 92 96 36 9 43 67 78 31 1 99 52 61 41 46 30 12 6 97 74 33 72 85 39 22 29 59 93 76 75 86 80 73 24 14 94 56 25 16 40 47 20 87 55 0 49 53 26 66 57 3 38 62 13 34 64 10 42 98 91 54 77 23 17 51 45 8 71 37 70 50 11 44 
9 81 26 84 63 65 88 36 22 85 77 15 48 94 13 92 18 6 5 8 31 93 75 89 74 69 96 73 64 40 33 37 9 80 45 19 56 51 39 66 34 38 97 78 87 47 1 11 16 43 72 71 62 53 46 44 12 68 23 70 82 59 95 29 76 28 10 61 98 24 0 3 55 60 20 25 7 41 30 91 49 35 17 4 27 32 57 58 50 21 83 14 90 52 79 99 2 54 42 67 86 
64 52 19 58 54 2 93 80 61 75 33 25 31 71 27 96 39 77 73 40 90 11 23 10 37 62 78 72 88 1 5 7 69 66 9 97 17 34 26 92 86 3 49 79 57 48 28 53 35 87 64 13 85 42 24 50 70 43 21 20 68 81 51 41 4 29 22 55 98 8 59 15 82 76 83 36 63 95 18 60 12 6 38 67 89 94 99 16 91 65 32 14 44 30 84 46 56 0 74 45 47 
99 30 42 17 28 72 76 90 4 36 23 32 71 97 74 88 79 5 49 7 63 95 6 52 56 48 57 75 82 59 70 65 92 73 61 43 83 93 55 22 40 13 66 34 19 8 78 1 69 98 89 80 2 44 46 9 50 41 62 35 16 96 24 81 20 60 86 29 54 87 10 37 15 77 27 18 26 38 58 31 68 11 91 25 51 0 67 94 39 3 53 45 12 84 99 33 47 85 14 64 21 
74 39 72 49 32 13 8 53 5 2 99 14 38 33 82 71 34 94 42 78 73 19 30 63 52 4 64 70 54 6 98 35 50 55 40 36 27 91 23 46 1 76 21 28 66 58 44 80 41 74 56 9 18 60 45 17 31 81 12 95 24 88 62 47 83 3 75 48 92 11 65 10 86 84 51 93 79 85 96 7 15 69 90 97 29 37 20 87 59 89 68 0 22 16 43 67 57 77 61 25 26 
26 87 84 46 43 88 36 2 93 90 23 80 31 63 44 7 28 61 41 78 58 14 69 52 65 70 22 57 74 71 75 3 66 15 98 99 34 92 11 27 60 18 67 40 29 10 33 8 16 72 81 54 86 19 79 55 38 5 39 51 83 37 53 48 0 59 68 13 12 96 20 73 45 9 77 89 95 4 56 82 94 85 35 47 6 91 32 97 24 17 50 30 62 42 21 1 25 76 26 64 49 
69 34 70 59 91 57 41 69 38 96 49 3 82 26 75 16 79 52 74 18 62 6 65 58 27 7 64 5 1 29 14 36 78 46 89 85 37 17 88 55 60 68 61 39 45 86 20 54 31 81 87 95 97 42 0 93 66 73 43 84 11 9 15 51 8 22 83 77 50 4 71 25 30 32 56 19 48 24 47 21 90 67 92 2 23 13 76 40 12 28 98 99 33 80 44 72 35 53 94 10 63 
46 27 88 29 12 81 22 41 4 98 93 87 45 57 46 72 30 77 44 86 26 7 59 25 11 34 70 75 84 47 23 80 14 28 89 67 99 62 1 16 55 65 51 8 2 76 58 96 21 74 3 82 36 32 9 15 49 6 78 24 68 48 20 83 31 60 54 52 10 19 17 39 66 40 0 37 35 63 33 85 95 5 97 53 90 94 79 18 13 42 91 73 61 92 43 56 69 50 38 71 64 
18 4 85 21 8 54 81 0 12 82 34 27 45 93 47 92 55 26 15 72 25 52 88 51 20 17 37 67 69 96 48 5 22 83 99 68 50 77 16 94 13 30 44 10 29 49 57 80 36 91 32 89 7 1 86 78 73 75 19 38 3 87 2 46 33 56 18 76 58 70 95 71 41 14 28 84 24 59 64 90 61 53 23 11 31 74 65 63 97 35 39 79 60 62 9 43 6 42 40 66 98 
56 48 42 2 15 74 10 61 64 91 19 46 43 67 93 36 49 66 11 27 8 35 21 73 26 96 53 4 52 14 59 41 38 9 87 24 92 54 34 23 58 33 85 30 31 47 16 77 57 17 65 50 45 70 78 72 90 76 22 60 89 37 7 71 3 82 62 51 75 84 32 28 68 55 80 20 83 86 12 56 94 63 5 98 95 79 97 6 25 40 88 39 0 99 1 29 44 13 69 18 81 
9 36 97 9 22 26 79 61 95 44 77 5 3 19 62 38 8 51 41 14 27 91 67 0 83 1 87 70 99 21 47 31 6 29 52 56 50 72 24 64 48 60 45 18 63 81 13 35 49 7 58 69 94 76 15 66 53 11 68 28 89 85 37 16 75 33 78 25 43 10 40 39 86 93 12 84 92 90 71 42 59 88 57 82 30 65 17 23 4 73 96 80 32 55 20 98 2 34 74 54 46 
46 2 72 47 11 52 81 51 97 36 10 94 1 73 32 68 50 24 63 85 25 42 64 90 88 71 65 13 46 34 80 96 9 8 67 92 7 82 45 4 5 62 35 18 19 83 37 84 14 89 69 3 66 39 22 79 31 99 16 76 38 28 26 60 53 6 59 98 17 56 48 15 30 87 57 74 49 0 23 55 95 29 21 91 44 75 12 93 86 40 41 77 58 54 43 20 70 61 33 27 78 
70 57 75 14 72 68 90 32 37 19 13 16 1 50 87 81 48 36 97 94 6 96 7 84 47 45 77 34 91 17 89 51 98 11 60 52 73 8 9 74 76 92 66 38 71 69 54 88 18 29 95 24 35 99 15 46 62 25 58 40 64 67 26 10 4 63 22 59 65 79 44 53 61 12 70 83 41 20 86 33 2 49 27 55 0 3 56 78 43 82 31 80 21 28 93 30 85 42 39 23 5 
82 47 97 38 96 57 62 84 56 4 93 80 83 77 64 8 73 85 35 54 14 92 29 79 11 17 52 43 42 25 95 74 51 12 1 5 27 89 50 98 40 18 65 22 30 6 48 75 76 46 26 16 0 86 60 37 70 24 66 99 20 69 21 55 34 67 19 94 10 82 2 32 45 44 61 58 91 3 15 13 90 28 81 7 41 87 72 23 63 49 88 31 59 68 53 9 71 78 39 33 36 
56 95 79 84 88 68 74 13 10 14 32 55 85 28 73 77 54 63 30 66 19 41 61 23 69 40 99 44 45 57 86 4 60 82 67 39 94 12 6 3 20 50 17 72 51 91 1 49 2 26 25 81 58 31 22 38 5 15 33 76 36 92 75 43 70 35 78 24 89 52 53 48 80 64 34 37 93 97 56 7 87 62 18 96 47 46 11 98 42 65 16 71 9 59 27 8 21 83 0 90 29 
56 50 74 64 80 65 4 63 42 30 89 17 10 59 26 54 72 62 85 14 40 33 60 90 71 45 8 99 86 39 77 25 32 73 22 87 24 43 91 92 41 76 57 93 11 47 88 28 46 13 35 61 44 0 38 3 68 23 51 84 18 16 29 58 12 31 96 81 53 55 70 48 49 34 56 75 36 79 20 2 52 5 37 7 6 1 19 69 66 83 97 95 78 94 9 67 21 82 98 15 27 
49 6 21 94 1 44 41 15 20 29 12 35 86 33 50 46 27 9 51 4 49 77 56 75 0 92 7 48 67 28 68 61 18 82 38 40 88 24 74 98 43 65 96 22 73 58 5 90 60 26 53 25 95 37 31 13 85 42 8 30 52 91 87 83 32 36 54 14 17 79 34 99 55 84 76 78 97 71 23 3 64 39 47 81 59 69 45 11 72 10 19 89 70 80 93 2 62 16 66 57 63 
19 81 14 78 73 6 30 29 57 75 54 41 95 98 94 0 4 11 9 50 65 58 34 39 12 45 68 76 5 82 83 17 60 26 79 86 89 16 71 25 18 67 13 36 7 44 37 35 99 59 72 43 96 2 15 56 84 33 70 40 92 22 47 77 51 66 93 85 42 20 63 27 21 55 24 10 38 3 31 91 53 97 1 74 90 23 8 49 88 69 46 28 87 62 48 80 64 61 32 52 19 
51 51 28 93 34 82 47 36 92 65 52 69 58 18 46 96 54 90 95 16 59 6 17 89 87 7 21 84 98 56 42 72 91 9 78 55 66 5 32 12 3 14 83 61 86 48 67 71 45 0 68 15 77 97 94 40 49 10 70 19 33 4 85 73 30 20 24 53 35 88 41 13 43 1 79 26 27 62 37 57 64 2 29 8 11 75 50 39 44 81 25 22 60 76 23 80 74 31 99 38 63 
96 59 65 21 14 80 3 1 33 28 4 53 94 58 90 67 55 86 83 71 64 97 51 73 13 20 50 77 68 7 6 15 57 19 22 66 60 23 87 98 10 17 24 12 43 52 72 31 39 11 18 25 70 81 49 2 92 9 69 88 34 46 96 89 62 45 82 29 56 32 0 27 93 42 54 5 16 74 84 61 78 79 75 38 63 99 95 91 44 8 35 76 41 85 30 40 47 48 36 37 26 
49 77 84 88 2 39 82 51 65 34 1 96 43 68 4 69 63 13 24 45 35 26 42 60 22 6 54 59 41 66 15 30 58 5 95 53 71 75 78 14 52 12 64 21 55 92 99 47 18 17 31 87 72 33 16 37 20 0 27 49 28 74 83 7 56 8 85 9 25 94 97 62 44 86 70 38 29 3 76 40 46 11 89 61 10 93 79 57 50 98 48 91 67 23 90 73 19 80 81 32 36 
7 66 10 11 82 64 9 49 47 29 57 42 34 85 1 72 80 56 14 62 88 17 8 93 55 81 78 28 25 87 89 24 3 22 40 37 91 95 77 59 13 4 86 18 96 38 48 63 98 32 31 83 90 68 52 36 53 69 97 20 84 39 71 21 76 16 33 43 0 23 58 94 92 2 73 45 46 99 27 12 6 15 50 61 54 75 7 79 41 5 35 65 30 70 51 67 26 19 44 60 74 
4 78 57 71 61 27 89 8 4 56 21 90 63 6 11 91 55 80 20 33 74 22 41 13 0 39 44 9 49 52 51 86 99 23 79 75 18 45 46 68 34 76 24 16 7 12 30 42 17 47 88 67 92 40 50 65 66 73 58 98 3 28 84 64 36 19 5 53 26 14 70 15 96 32 35 2 37 54 82 72 95 94 38 59 1 10 93 87 81 29 85 43 83 60 69 97 31 77 48 62 25 
76 30 77 11 13 61 95 10 84 78 40 1 14 20 94 53 71 66 59 70 24 98 54 32 12 22 42 67 48 69 17 8 29 49 72 46 45 82 73 97 33 90 60 43 88 86 56 37 19 26 47 3 23 7 93 87 63 38 92 18 57 68 64 44 81 85 58 41 36 80 79 96 74 2 34 15 83 89 62 51 76 50 28 55 25 4 0 31 35 9 27 39 5 16 6 21 52 99 65 75 91 
63 87 64 79 91 46 35 23 73 78 8 97 88 94 60 95 0 85 68 16 57 75 10 18 27 90 25 15 58 89 30 38 71 69 86 3 44 47 24 40 76 11 41 22 21 96 70 93 17 49 48 55 36 6 4 20 42 14 59 13 66 72 83 32 62 65 81 56 52 51 37 53 84 98 26 9 7 80 77 63 92 43 33 2 34 74 54 82 5 99 45 31 39 19 1 29 67 28 61 12 50 
43 10 67 24 79 59 99 74 44 71 46 14 21 95 81 51 12 90 5 87 58 50 45 42 54 66 7 6 68 32 78 56 96 16 33 39 15 88 43 52 8 26 27 18 38 17 31 80 98 4 62 47 40 22 28 69 97 13 25 49 35 70 76 37 85 77 1 73 89 53 91 29 60 86 3 23 9 19 72 2 64 84 93 83 57 75 30 36 61 55 11 34 0 41 65 63 92 82 20 94 48 
20 67 41 91 10 20 42 97 76 39 77 81 63 54 94 9 33 18 69 37 90 66 12 2 73 92 3 14 30 21 55 99 64 84 87 68 65 29 72 80 13 96 57 31 85 71 48 28 79 45 1 7 98 8 6 32 86 61 53 25 89 11 40 46 88 0 23 50 82 4 19 78 44 60 59 43 62 93 24 83 16 95 49 52 22 36 75 56 26 70 51 38 74 17 47 34 15 5 35 58 27 
61 48 73 55 70 1 40 8 98 68 94 76 23 85 96 14 3 75 53 49 67 18 78 34 97 24 29 81 20 61 56 10 4 6 28 80 87 84 64 74 31 44 42 15 13 45 88 2 95 58 11 66 82 7 50 30 90 93 16 86 36 54 63 17 9 46 19 79 91 38 65 92 27 51 77 60 72 69 12 41 83 52 0 35 71 89 21 37 57 32 22 43 5 47 59 25 26 99 39 62 33 
8 10 28 56 30 40 50 25 88 9 2 60 15 65 87 66 49 95 3 99 69 12 11 0 32 38 41 39 45 80 62 61 51 33 76 83 6 91 55 96 7 47 58 93 14 5 43 24 74 48 73 23 18 37 71 54 97 13 94 86 16 68 72 20 81 34 17 19 1 77 4 75 92 84 98 85 64 44 63 89 42 90 59 78 31 35 29 46 22 67 36 21 27 82 79 8 52 53 57 26 70 
73 20 28 40 56 5 7 23 13 9 57 2 61 42 26 48 70 19 0 96 74 55 32 51 87 84 54 98 71 69 3 25 68 35 65 92 27 66 12 41 59 52 85 78 63 43 73 53 1 44 11 4 14 60 89 21 83 81 16 6 64 17 33 29 30 46 90 62 8 79 58 80 94 95 38 22 15 75 93 72 34 82 31 47 86 99 67 39 49 24 10 97 77 36 45 37 76 18 91 88 50 
27 17 82 45 60 25 67 97 32 72 77 23 90 65 11 80 66 93 85 4 12 53 7 10 48 73 3 70 78 16 64 46 57 38 59 71 37 98 0 40 29 63 91 76 15 41 39 92 6 20 68 47 81 8 74 96 31 26 36 24 14 30 87 1 33 61 5 51 19 18 58 35 44 79 95 69 89 13 94 55 86 50 9 22 28 21 2 42 83 99 43 56 88 34 62 49 27 84 54 52 75 
63 51 91 25 46 6 42 55 85 97 24 2 69 37 16 47 82 34 61 52 84 28 27 88 26 31 75 4 72 59 94 89 48 71 15 83 60 53 70 18 98 87 10 90 0 3 66 76 78 32 43 62 5 45 68 30 95 58 92 1 80 38 81 86 11 20 57 96 41 65 9 12 21 35 23 22 93 8 13 17 56 40 77 50 36 74 44 67 54 14 39 64 79 19 49 29 7 73 33 63 99 
25 63 77 28 27 0 98 17 40 15 2 43 6 11 12 83 57 84 69 59 62 74 4 34 1 20 86 42 45 95 81 23 8 47 60 19 78 9 68 51 10 96 26 66 32 80 87 52 30 58 54 55 35 49 90 25 50 18 71 7 5 85 75 94 46 16 67 91 61 44 97 22 99 70 89 24 3 93 31 41 33 88 29 82 92 79 48 72 13 38 56 37 76 64 36 65 39 14 73 53 21 
93 43 67 60 85 4 63 84 18 42 16 77 30 15 51 22 49 14 58 65 56 33 69 53 78 88 32 57 92 11 9 98 28 26 81 10 94 36 23 99 13 2 31 3 34 47 38 12 89 59 8 79 80 0 29 55 82 35 39 25 54 6 71 37 76 75 1 66 68 52 93 97 96 45 44 48 90 27 24 41 73 40 83 70 20 62 7 46 21 86 72 17 50 91 87 95 61 19 5 74 64 
46 79 50 69 16 90 65 45 30 28 80 47 9 40 0 95 25 27 81 38 18 76 13 96 35 63 21 84 24 49 70 33 85 6 32 71 39 77 2 88 41 17 92 51 20 23 99 64 98 68 15 19 62 55 11 94 10 56 8 67 42 44 12 83 91 66 61 93 82 54 46 36 1 59 86 34 31 43 22 7 72 75 48 53 4 26 5 3 87 29 89 73 37 60 52 14 78 57 58 74 97 
41 41 4 84 51 18 40 60 27 31 48 75 23 92 5 86 59 45 50 38 29 65 66 93 68 7 1 0 73 49 9 71 32 24 88 35 72 77 33 79 46 17 2 62 78 6 69 8 53 99 64 57 70 80 28 25 56 83 85 13 10 63 82 98 15 11 3 42 95 37 67 96 19 54 16 97 14 39 90 12 55 34 22 87 94 26 61 91 52 20 30 58 89 76 81 47 74 21 43 36 44 
75 37 65 64 62 73 66 0 54 72 81 67 8 3 80 55 41 29 24 56 18 14 35 84 97 19 33 27 92 31 45 60 47 48 22 1 32 49 17 15 93 95 63 86 43 38 16 96 7 69 44 74 85 98 12 26 28 46 82 10 90 83 59 36 4 94 39 23 89 77 5 11 68 75 58 53 50 40 91 78 13 21 99 71 34 20 25 88 42 87 61 9 30 70 6 76 79 2 57 52 51 
3 75 37 22 52 10 77 68 38 13 65 8 48 28 96 44 36 72 79 21 49 33 92 45 80 56 97 16 5 0 55 1 4 47 40 26 24 29 63 99 88 64 91 89 54 61 41 19 43 66 95 23 76 70 78 74 59 50 6 34 7 84 18 25 57 82 35 51 31 17 83 3 11 85 15 30 60 27 12 53 71 73 32 2 90 87 93 69 9 58 98 20 42 46 62 86 94 14 39 67 81 
43 94 44 61 49 69 31 26 80 93 28 92 70 85 60 77 25 63 97 11 14 54 17 19 66 90 0 59 41 40 57 29 6 67 81 68 1 86 38 12 13 83 24 62 37 75 46 96 65 51 36 98 4 87 73 78 64 16 99 82 7 43 72 32 10 34 55 30 53 3 22 23 71 47 84 42 74 9 15 27 8 48 33 89 50 45 95 35 56 20 5 18 79 76 39 21 91 58 88 52 2 
25 59 9 19 64 39 55 14 30 17 27 11 4 40 10 31 32 35 5 37 8 94 28 99 87 7 84 57 92 44 29 25 46 83 13 71 54 60 23 52 72 20 41 58 65 24 48 6 75 3 81 82 15 0 62 18 26 79 76 66 69 68 85 21 63 90 53 34 70 88 47 98 16 80 93 97 89 38 45 77 91 1 49 43 22 33 36 73 74 95 2 86 61 50 42 56 51 67 12 96 78 
31 82 96 35 98 32 44 76 95 80 71 16 14 63 9 33 38 43 53 19 18 87 8 79 99 93 68 52 81 89 55 54 70 41 4 67 86 90 92 5 73 69 34 1 47 46 42 28 29 31 7 2 24 6 94 25 85 27 37 59 88 51 23 57 77 36 30 65 11 62 0 66 83 75 60 26 21 10 50 15 49 61 78 45 97 84 22 74 17 58 39 40 13 64 3 12 72 56 91 20 48 
51 47 30 24 65 12 60 83 22 35 48 92 19 46 81 20 13 3 36 74 45 85 39 40 97 87 0 77 70 78 73 82 72 8 18 84 2 58 71 56 50 17 91 28 61 89 63 55 98 62 10 86 27 43 88 6 96 42 94 29 80 23 11 75 26 41 31 69 37 5 49 79 57 34 95 64 15 51 32 14 59 66 9 67 44 90 53 93 33 99 38 1 76 25 68 7 16 4 21 54 52 
66 0 24 97 76 31 10 84 71 50 20 28 69 41 8 1 81 55 58 95 2 77 57 59 6 94 54 23 66 62 5 39 26 73 17 79 38 15 14 25 51 45 65 92 56 42 49 34 60 44 83 70 82 9 88 37 75 86 46 72 48 78 36 11 67 13 87 21 40 3 33 43 4 52 74 27 29 63 18 19 12 99 93 7 35 90 64 16 89 80 68 98 22 32 30 47 61 53 85 96 91 
87 94 58 50 77 29 64 42 37 27 21 84 54 91 56 93 44 90 3 33 45 23 12 16 43 30 35 95 24 88 82 48 4 47 17 2 66 7 22 36 20 98 78 61 8 62 89 25 52 9 13 92 65 53 63 10 71 31 81 67 75 26 55 68 19 39 80 0 96 70 11 59 57 49 32 87 60 97 76 6 74 72 46 5 51 83 1 79 86 40 14 34 85 99 15 28 69 38 73 41 18 
14 9 7 90 65 32 62 31 83 92 57 47 78 40 29 43 68 77 85 96 94 15 6 12 1 59 91 44 27 14 22 28 24 54 30 35 66 11 73 71 4 89 51 64 81 39 80 67 95 93 25 69 46 56 48 3 88 82 26 50 86 70 87 63 60 8 23 2 49 52 0 42 13 17 76 38 55 97 41 34 74 36 84 75 16 61 79 5 21 18 98 33 37 45 20 72 58 99 53 19 10 
11 98 62 47 63 6 86 9 43 69 96 32 92 26 17 38 20 7 36 83 46 39 68 79 48 90 66 84 21 77 75 65 94 70 18 67 34 78 87 14 93 95 44 8 33 51 60 4 28 88 12 58 42 59 30 25 41 27 56 11 74 85 10 54 99 91 76 29 45 82 89 71 24 15 2 37 53 19 16 81 72 97 64 57 49 5 22 31 3 23 80 55 1 61 35 40 52 50 73 13 0 
37 20 41 39 81 90 57 36 72 93 14 32 88 12 38 34 37 73 83 2 97 84 30 53 79 96 98 31 80 28 76 10 40 51 23 19 92 47 22 43 6 75 63 56 59 25 46 4 26 69 21 24 94 82 29 64 9 58 67 18 95 89 60 91 7 85 0 3 5 74 13 33 66 78 17 1 27 50 8 71 77 99 68 15 52 45 86 44 42 35 70 65 61 87 54 49 62 16 11 48 55 
58 17 69 50 20 32 14 21 59 25 55 68 57 56 5 80 34 95 52 88 86 27 18 15 33 12 16 62 82 47 30 49 67 51 36 23 75 66 63 73 8 3 26 93 2 38 54 39 10 97 77 37 90 24 28 6 65 70 0 4 81 61 71 96 64 41 11 87 43 31 1 98 9 74 40 42 53 19 45 44 84 48 60 91 35 83 99 22 46 79 29 13 85 89 7 58 94 78 72 92 76 
49 45 39 55 49 67 35 87 32 94 2 62 4 42 88 46 66 40 17 26 93 63 78 27 64 14 18 98 73 13 70 89 30 9 41 57 74 53 43 76 54 82 1 28 22 11 31 56 81 19 84 33 60 37 72 48 75 50 86 29 7 91 44 96 20 52 16 25 61 47 92 59 68 80 21 0 38 24 83 36 6 10 71 34 85 8 95 97 5 79 65 69 58 15 12 77 23 90 99 51 3 
89 77 74 67 72 96 8 76 91 93 40 81 35 34 63 5 51 49 71 88 80 54 3 11 79 41 87 89 17 90 23 50 69 15 98 30 39 31 73 6 37 64 92 70 29 9 25 61 26 86 78 66 56 95 22 53 65 20 46 60 43 99 83 27 1 38 84 57 58 52 85 18 19 59 94 68 16 44 36 7 32 12 21 24 55 62 0 97 48 82 47 14 42 45 4 10 75 28 33 2 13 
52 38 13 86 83 95 23 32 60 5 59 64 58 62 57 27 87 74 56 99 37 36 72 42 29 97 50 49 4 44 78 12 75 89 41 81 6 11 9 17 26 47 70 28 92 52 77 19 16 43 46 90 85 34 71 2 61 35 98 10 3 0 82 68 91 54 25 69 1 7 39 76 63 15 84 8 21 31 22 33 94 79 65 55 51 48 88 20 80 18 30 66 67 96 24 93 73 45 40 53 14 
36 9 34 4 38 68 79 25 5 65 56 26 19 40 7 96 17 48 70 63 14 77 41 27 98 21 88 90 12 81 10 45 93 61 22 24 8 85 37 0 11 44 36 28 73 31 94 32 54 35 80 43 64 16 84 20 13 83 55 53 91 86 57 71 15 49 92 30 59 87 67 46 82 74 69 39 42 89 97 78 58 99 29 23 76 51 72 50 3 60 47 66 2 6 95 75 33 62 52 18 1 
29 47 8 37 4 18 96 70 12 33 60 26 38 25 45 81 95 43 91 11 88 97 42 19 17 69 50 78 76 44 51 94 10 6 89 72 63 20 99 27 14 40 73 53 57 52 98 79 82 31 15 48 67 35 9 92 58 55 64 66 75 2 16 3 83 74 7 5 62 34 46 54 41 23 84 29 87 21 24 0 65 56 59 28 93 77 49 71 61 1 80 85 30 39 36 86 68 13 90 22 32 
23 92 72 37 94 29 22 34 30 32 12 45 80 38 99 57 76 6 43 15 95 18 52 44 68 64 88 26 75 8 47 23 39 36 81 3 28 93 78 9 1 40 73 62 51 85 24 55 89 31 35 33 91 49 74 5 14 65 59 71 13 25 98 50 77 21 83 41 2 20 82 97 69 11 61 53 90 27 42 54 84 58 87 19 48 96 16 66 17 56 63 60 70 67 46 10 4 86 0 7 79 
69 5 31 86 95 37 46 72 23 91 77 87 81 58 7 83 43 39 28 99 17 90 65 52 12 13 73 35 24 63 69 8 85 41 82 92 48 29 14 49 50 26 19 16 60 94 97 76 66 79 4 38 27 89 45 10 6 47 96 64 32 71 20 74 56 59 68 0 21 2 70 42 84 25 54 57 36 9 33 44 1 30 93 53 98 15 51 3 62 67 40 80 55 75 61 11 78 18 22 88 34 
74 32 75 66 96 9 15 60 41 69 71 58 85 42 29 34 2 89 33 78 65 94 50 31 79 21 51 36 17 47 40 61 92 13 38 76 87 6 1 64 95 68 3 39 8 73 77 44 20 91 46 74 98 27 53 35 80 5 56 26 52 97 24 22 86 19 57 63 45 84 54 83 62 99 10 37 25 12 93 48 0 49 7 4 88 43 82 81 23 16 59 11 70 28 90 18 67 30 72 55 14 
47 63 17 84 71 66 72 31 34 7 50 12 27 30 48 70 59 95 22 1 74 82 25 2 99 56 62 51 5 58 75 28 97 69 13 24 98 26 83 40 6 38 19 45 32 73 52 88 36 64 44 78 43 18 8 61 23 65 94 15 10 41 49 0 4 91 29 35 92 68 55 21 93 80 87 47 79 96 67 77 85 57 3 9 76 16 89 86 81 54 39 53 90 37 46 33 14 42 60 20 11 
65 93 86 83 49 42 2 72 56 11 87 25 85 0 55 91 65 32 1 5 7 12 27 69 40 13 60 94 48 35 10 30 24 96 88 46 43 37 52 92 90 54 29 39 84 45 28 9 97 51 61 89 59 74 41 73 19 58 3 36 34 50 26 99 16 67 63 98 78 47 31 6 81 57 95 8 80 4 79 77 82 15 33 66 62 70 38 76 17 23 64 14 22 18 68 20 53 71 44 21 75 
12 12 93 96 8 48 29 3 57 5 65 92 84 95 66 19 0 11 28 70 98 75 40 6 88 50 24 69 71 31 62 49 51 83 87 1 55 27 74 77 54 15 14 26 68 58 59 52 25 39 89 32 85 45 44 78 10 18 61 99 42 81 90 91 20 17 76 43 30 67 97 36 73 33 60 13 63 22 72 41 86 79 23 9 16 53 21 38 56 4 34 35 80 94 2 46 37 64 7 47 82 
80 30 81 48 5 68 72 3 58 37 20 27 42 15 50 31 60 70 85 82 45 0 88 25 93 51 94 33 52 17 1 87 35 39 75 64 84 62 91 78 44 74 67 98 61 66 38 65 19 34 2 95 16 23 10 86 97 14 54 63 69 89 36 53 56 99 6 71 47 59 29 40 18 22 28 24 9 32 49 80 73 79 26 12 92 13 8 46 83 4 55 90 11 41 96 43 77 7 21 76 57 
23 86 61 18 91 74 21 93 70 73 28 75 51 43 22 95 69 37 23 60 16 57 68 45 10 79 19 35 76 62 25 52 99 32 13 77 39 33 56 81 82 83 49 26 59 46 27 94 20 11 12 47 50 29 72 1 0 6 55 24 84 85 66 90 40 88 3 8 41 4 58 30 64 36 71 38 2 78 14 98 34 15 97 80 54 92 9 63 89 96 67 53 48 65 5 42 87 7 44 31 17 
92 37 74 12 96 43 44 78 92 97 8 50 90 89 86 24 0 87 66 61 57 5 88 62 17 1 94 11 31 13 18 20 98 49 80 45 26 65 33 3 67 25 47 54 91 14 69 59 23 35 73 10 42 85 16 53 40 4 32 39 52 6 28 27 46 75 2 56 64 55 19 83 30 15 41 29 76 84 99 21 48 60 51 9 68 77 72 79 93 71 82 22 36 95 63 34 70 7 58 38 81 
31 37 9 31 70 35 40 45 77 0 65 43 32 46 44 57 28 78 59 63 73 3 94 27 22 38 17 69 30 10 61 4 12 16 83 47 66 62 82 18 84 58 24 53 96 99 98 67 20 75 92 29 7 55 72 5 91 90 34 49 86 19 33 52 26 23 42 81 60 41 71 89 39 68 11 13 2 97 88 93 36 25 87 6 56 74 95 85 50 48 14 51 1 15 79 21 64 54 76 8 80 
76 42 56 40 18 5 51 53 47 62 55 45 12 67 80 82 23 66 86 22 6 38 93 37 96 81 57 58 4 89 26 14 79 15 85 41 99 48 95 68 77 83 28 13 30 97 32 60 27 91 20 90 2 10 11 71 78 16 31 17 25 98 61 3 63 8 87 76 69 9 24 46 0 43 50 75 88 72 21 49 19 29 94 39 34 59 54 36 70 44 52 33 65 1 74 64 35 92 84 7 73 
100 59 61 96 48 72 14 39 86 1 55 79 66 81 71 83 54 0 88 85 36 35 77 8 69 10 40 7 27 50 52 24 47 11 43 42 12 89 23 91 65 32 9 93 44 31 30 4 18 29 26 21 94 13 84 99 57 63 3 67 62 68 60 25 17 22 56 58 19 38 74 76 80 46 28 34 41 97 92 87 78 15 49 5 73 51 64 98 75 20 45 6 2 70 37 53 95 90 16 82 33 
21 33 94 34 77 96 3 2 19 46 30 37 78 58 88 53 56 5 8 26 38 36 4 14 11 12 63 92 73 61 44 99 10 40 79 27 84 66 68 16 54 82 85 43 20 74 97 89 1 15 87 51 60 80 48 32 67 81 52 23 18 70 25 6 50 28 13 29 35 45 47 62 39 42 55 69 72 59 98 90 22 95 75 0 24 64 71 41 17 31 93 49 9 7 86 83 91 65 21 76 57 
26 48 24 84 60 74 25 40 41 32 77 81 59 58 11 20 76 71 50 61 23 54 51 38 87 0 65 88 91 83 89 42 17 52 29 55 2 70 14 79 3 33 22 98 13 18 34 57 90 27 93 75 53 31 21 44 49 30 1 5 36 16 73 45 15 69 8 97 82 46 80 68 43 7 67 6 9 62 64 72 78 86 66 95 85 26 35 99 39 10 28 92 4 47 56 96 12 63 94 19 37 
31 34 27 80 20 64 19 57 83 53 62 36 59 85 54 9 81 13 22 69 73 3 63 86 17 44 87 70 24 99 46 45 11 61 52 82 95 26 91 2 41 65 90 32 93 28 6 10 58 35 30 71 8 96 33 68 50 15 23 55 0 78 31 97 56 5 77 48 60 4 76 38 39 94 43 98 14 72 40 74 79 37 51 12 7 16 1 18 92 88 84 21 66 47 49 29 25 75 67 89 42 
6 49 24 90 32 73 58 22 44 0 67 68 41 80 1 2 36 45 27 77 46 76 40 31 87 69 60 74 66 91 94 59 10 43 50 86 78 8 72 11 23 29 37 39 98 52 89 20 12 61 18 99 88 62 4 92 70 30 48 16 13 15 28 63 21 57 51 42 65 53 79 33 75 93 7 82 3 38 34 83 71 25 17 54 96 56 26 95 6 64 97 85 9 35 84 55 47 19 14 81 5 
54 72 65 7 50 54 19 14 3 9 98 2 92 16 77 63 86 85 41 51 20 55 67 91 1 76 93 8 60 94 23 58 43 66 22 34 64 31 25 82 61 29 39 0 99 21 40 79 35 89 83 57 37 80 45 42 26 96 24 87 18 69 88 33 62 81 70 44 30 11 78 12 49 32 95 48 52 27 4 90 17 15 73 53 75 84 68 46 47 36 71 13 97 56 38 5 10 6 28 74 59 
18 9 97 77 3 7 31 70 17 19 74 44 91 20 21 47 29 99 28 68 27 1 0 57 36 14 42 71 23 98 67 18 82 16 94 59 78 52 12 72 75 86 69 38 65 93 46 76 96 83 63 61 45 81 10 41 84 89 88 15 79 90 51 92 66 4 11 55 6 43 13 54 56 73 85 26 62 5 35 53 8 80 40 32 33 60 24 58 39 37 95 50 2 22 48 25 34 49 64 30 87 
86 28 66 63 98 71 6 25 57 2 59 45 73 35 62 48 18 58 69 12 33 97 0 99 68 86 93 74 81 41 53 88 23 11 27 43 19 21 94 31 15 77 91 40 65 5 24 29 20 1 54 80 50 82 26 7 37 39 76 96 4 84 9 13 61 75 52 16 22 49 44 67 47 85 32 34 55 10 30 56 42 14 38 95 92 90 64 89 78 46 60 87 3 83 51 70 36 17 72 79 8 
17 17 34 77 28 55 59 70 10 25 41 81 26 13 78 72 1 61 37 30 99 88 49 24 33 20 5 7 47 92 16 4 67 52 45 98 9 91 63 44 83 2 14 90 54 15 0 87 11 79 94 38 58 57 76 18 89 69 56 31 97 50 6 36 35 40 66 29 68 82 23 75 64 21 39 96 73 84 86 27 3 32 85 12 74 71 65 46 19 62 22 8 48 42 43 80 60 95 51 53 93 
22 55 67 83 56 85 46 42 50 37 49 28 19 4 31 72 59 54 66 48 17 34 63 30 57 16 92 90 1 88 65 62 87 73 36 70 38 77 47 6 80 20 98 22 82 97 41 94 95 74 0 2 53 15 76 78 10 18 51 81 39 5 33 43 89 3 35 21 91 84 99 27 52 13 23 64 14 61 40 71 7 24 12 93 60 29 69 86 25 9 8 75 96 79 11 26 44 68 32 45 58 
73 94 79 85 4 56 58 71 11 9 32 60 37 66 0 42 19 41 75 17 5 53 3 20 43 46 28 10 49 52 50 95 90 81 87 27 97 24 47 64 86 61 91 6 83 96 59 72 31 57 39 54 77 25 13 21 36 15 73 69 33 89 63 68 34 40 29 93 26 22 78 76 70 92 45 1 8 30 48 74 14 82 2 84 51 7 18 35 80 16 12 44 62 98 65 23 55 88 99 67 38 
85 75 59 54 56 2 66 76 49 55 94 42 63 90 83 78 79 71 92 40 26 13 81 91 9 67 18 25 29 31 84 87 50 16 88 21 33 15 8 62 20 44 74 37 36 7 98 65 64 80 43 47 60 99 58 77 95 22 35 51 14 68 3 73 69 53 17 85 6 38 23 48 52 70 12 4 11 89 0 93 5 61 72 82 19 45 10 27 46 28 97 34 86 96 1 24 39 57 41 30 32 
56 85 16 52 76 55 29 4 87 9 12 60 50 10 47 25 79 15 83 99 26 21 67 90 73 75 72 45 3 81 64 74 22 34 89 23 86 53 8 88 94 70 0 30 35 57 68 95 13 42 62 80 71 28 69 58 54 27 97 65 44 91 17 39 37 40 36 77 66 56 61 6 31 2 43 33 82 63 59 51 38 11 92 48 84 96 46 93 32 18 5 1 41 98 20 19 24 78 14 49 7 
64 89 96 62 0 95 92 83 87 80 35 64 45 32 58 16 4 8 63 75 20 68 14 29 82 73 48 51 59 13 1 19 66 99 44 65 78 50 47 26 17 85 67 40 98 84 69 91 33 7 74 21 55 31 6 97 60 25 39 43 56 9 18 22 30 42 24 2 81 61 3 46 5 53 77 27 38 10 37 90 88 57 12 41 54 70 49 93 79 86 34 28 76 94 36 52 15 71 72 11 23 
31 60 10 72 39 16 23 55 46 13 78 33 43 22 27 83 76 11 40 31 1 88 69 35 95 81 57 14 67 82 94 17 41 48 9 20 71 37 93 7 99 49 24 51 98 86 52 79 87 68 97 42 19 18 44 54 62 84 2 56 80 75 74 29 12 45 15 92 90 64 91 65 63 70 53 77 58 0 26 4 89 30 47 6 25 38 73 59 50 32 34 8 21 3 85 61 36 28 66 5 96 
42 13 1 83 89 96 8 78 7 37 58 46 16 39 47 80 9 28 60 88 24 65 55 50 38 98 79 11 92 6 48 15 66 0 30 81 71 82 73 45 85 40 51 90 19 59 41 29 33 18 31 35 17 2 75 95 70 43 91 3 64 53 36 93 14 56 21 74 63 27 25 32 22 76 77 20 97 26 10 57 42 72 99 94 5 23 84 52 49 54 69 61 68 12 62 86 44 87 67 4 34 
46 99 97 13 29 20 37 6 24 86 77 40 76 74 57 25 87 59 55 5 11 81 32 8 10 95 14 0 34 98 68 83 12 28 23 1 82 41 75 38 79 36 17 88 71 7 63 94 47 89 46 31 33 4 16 84 85 44 51 3 35 62 56 48 22 49 91 92 65 80 52 39 96 9 66 69 2 27 58 54 61 45 72 70 64 78 21 18 50 93 90 26 43 73 30 53 60 19 67 42 15 
17 88 27 89 60 93 87 6 1 42 73 57 69 8 48 82 37 0 80 65 55 18 20 71 56 58 67 66 7 12 83 78 32 21 34 59 47 72 49 84 4 54 75 43 92 23 99 79 74 40 51 76 10 29 19 86 68 5 62 50 25 2 53 17 16 70 30 11 15 36 91 96 41 33 97 26 63 98 46 31 95 28 85 77 52 61 90 64 9 13 44 81 24 45 14 94 3 38 39 22 35 
38 41 44 20 18 22 78 79 87 94 93 16 52 71 83 19 70 2 23 54 60 4 30 61 63 95 13 80 17 9 48 0 29 98 24 68 64 76 74 49 99 36 46 28 85 32 25 11 50 59 7 84 58 91 75 92 77 62 69 43 47 12 65 14 67 5 88 21 3 82 51 86 90 39 26 6 1 40 35 66 42 27 57 33 96 10 31 34 15 72 53 81 8 55 97 37 45 56 89 38 73 
93 28 67 76 30 54 63 81 2 94 74 53 18 60 78 51 84 27 52 97 71 62 50 20 98 88 12 91 39 13 26 15 64 57 36 3 37 21 89 22 65 6 42 68 31 46 34 85 4 90 24 61 72 99 19 92 23 58 25 29 87 56 45 47 38 66 70 14 93 8 44 32 17 48 82 69 9 55 1 5 10 86 16 43 33 40 95 77 83 35 73 0 11 79 7 96 49 59 80 75 41 
86 82 54 93 22 47 42 58 65 56 60 41 61 64 21 33 14 86 89 83 67 31 12 46 59 91 6 70 50 16 11 38 30 73 62 15 52 9 97 44 99 84 90 24 72 79 37 80 75 28 26 20 81 66 78 43 39 74 69 96 2 17 68 95 29 13 19 92 0 88 45 10 4 98 85 63 77 57 48 94 32 51 53 7 25 87 23 5 18 76 34 1 55 27 36 49 35 3 40 71 8 
36 61 63 65 9 70 7 26 82 28 37 56 34 8 68 17 45 66 49 53 64 77 29 84 32 12 62 99 3 76 31 98 11 18 60 79 85 73 44 4 16 33 72 54 57 59 25 90 67 30 69 80 27 38 91 83 10 41 15 47 23 20 43 19 87 22 71 5 78 51 50 74 81 42 92 46 88 24 58 2 0 21 93 39 55 95 75 94 13 96 35 1 48 52 6 97 36 14 89 40 86 
6 61 84 99 98 34 16 3 29 8 94 20 97 67 35 87 79 25 31 18 2 92 78 83 91 54 73 68 85 19 81 75 36 80 86 55 38 40 66 32 50 7 96 21 11 14 77 6 58 57 1 46 47 90 42 30 28 43 69 4 59 89 27 70 65 72 24 88 49 64 52 60 76 15 39 74 12 33 37 82 5 93 0 53 48 9 41 62 95 56 22 45 23 26 71 51 63 17 13 10 44 
5 90 73 55 5 53 16 25 12 89 58 49 1 85 7 70 9 6 21 98 13 93 59 69 97 23 95 67 34 82 99 72 50 35 61 51 77 71 36 52 40 41 3 29 17 65 2 66 39 28 22 68 78 64 30 20 91 60 92 42 80 31 45 4 96 15 27 56 75 26 10 44 37 84 94 79 38 8 0 33 88 11 48 46 47 18 81 43 14 57 19 76 24 87 86 62 83 63 74 54 32 
35 33 15 18 46 92 86 59 35 69 53 16 22 58 98 52 96 42 3 48 47 85 79 43 71 55 94 73 99 60 6 9 70 93 27 32 10 8 21 82 0 39 11 13 87 17 12 83 62 34 23 41 45 80 57 49 61 89 63 30 78 67 97 1 77 66 5 40 14 37 91 64 74 56 88 50 75 65 51 38 44 19 72 36 95 68 31 81 90 20 26 24 54 28 4 7 76 2 25 29 84 
7 22 93 50 38 41 11 34 17 36 26 28 58 45 90 51 7 54 12 70 88 24 35 81 21 95 60 46 13 57 1 15 86 48 94 6 59 73 53 3 42 71 82 62 75 69 23 20 37 18 4 78 96 77 84 98 55 32 56 9 68 16 5 49 89 99 8 30 80 29 65 27 14 91 87 92 64 74 31 83 52 44 72 25 40 61 43 39 79 67 63 85 10 19 66 33 76 47 97 2 0 
77 74 49 72 4 70 3 13 61 95 39 71 7 35 26 36 27 68 12 83 98 21 50 84 14 60 55 15 54 1 79 75 30 86 89 87 10 65 2 66 18 94 44 24 9 97 62 31 40 64 92 85 17 76 38 51 0 77 34 41 96 78 5 63 25 57 59 22 90 73 46 33 53 11 45 88 48 99 43 81 16 58 19 23 52 82 67 28 80 47 42 6 37 56 32 29 91 93 20 69 8 
93 3 81 49 94 13 28 30 19 99 69 80 38 91 62 65 93 74 64 14 25 5 57 66 78 92 98 37 17 77 97 6 41 34 47 8 0 58 4 24 95 54 63 87 67 26 40 36 32 10 48 46 18 2 55 72 51 44 89 84 73 90 83 76 59 68 88 31 45 43 85 82 61 1 71 60 21 15 11 96 42 53 27 52 35 56 23 70 7 29 33 9 79 50 20 39 16 75 12 86 22 
15 35 99 19 97 82 70 90 64 66 74 42 32 88 8 95 73 87 41 28 6 36 96 72 29 76 38 56 12 62 54 89 98 59 58 34 93 77 84 17 31 33 69 4 24 5 9 94 52 2 44 48 40 18 80 65 83 3 7 49 22 21 81 45 39 0 67 14 60 61 27 91 37 10 78 92 46 68 11 25 26 1 50 16 51 15 86 30 85 53 43 63 79 75 55 13 23 71 20 47 57 
96 44 93 92 43 17 15 52 63 69 98 87 99 14 37 96 70 56 41 18 67 47 61 57 22 65 91 59 16 94 73 33 82 46 54 97 88 78 21 8 38 6 23 0 62 25 89 31 53 81 74 34 35 72 7 28 83 36 10 20 11 58 39 68 80 30 95 51 27 55 76 79 9 50 64 66 71 1 32 4 45 5 48 84 86 12 60 77 24 29 19 3 75 13 85 26 2 40 49 90 42 
83 32 29 88 56 7 36 70 33 99 26 77 52 61 98 14 51 38 17 53 59 46 24 20 11 49 60 30 82 73 27 2 55 43 95 97 21 39 34 84 47 57 71 83 65 8 80 44 89 62 6 94 37 75 3 41 4 58 22 10 54 74 13 96 18 12 76 25 91 72 67 87 81 15 63 69 1 50 42 45 85 92 78 86 31 79 68 66 28 23 19 64 9 40 0 35 16 93 48 90 5 
90 5 9 54 95 14 57 40 63 99 50 96 31 64 42 46 79 15 36 56 45 69 71 0 62 7 59 8 98 20 68 11 4 47 26 52 65 97 82 93 39 75 29 86 87 73 6 90 78 58 19 13 94 21 3 37 49 51 55 44 92 85 35 30 91 22 33 38 81 83 18 60 41 43 32 2 80 24 27 23 66 89 16 84 48 70 25 77 28 72 61 17 74 76 12 53 34 10 88 67 1 
3 85 9 95 15 35 34 94 42 87 54 99 30 93 69 72 1 6 86 33 12 52 70 46 45 10 17 56 76 49 53 64 47 68 40 0 98 59 77 21 62 39 58 7 13 97 66 4 44 81 96 71 31 29 32 83 43 23 82 24 73 26 2 80 11 75 27 92 5 79 48 20 63 25 19 74 88 16 57 90 60 61 67 36 8 55 37 84 38 91 22 89 51 28 65 78 18 3 41 14 50 
51 79 97 10 45 57 5 42 40 44 51 77 94 60 92 34 81 36 43 95 72 27 69 3 1 64 83 28 62 54 87 49 58 14 74 90 65 41 0 93 30 39 89 12 67 86 2 71 9 29 84 91 59 66 48 52 32 56 46 8 4 13 47 63 23 96 82 26 22 50 24 68 53 31 37 33 15 35 11 38 73 18 6 7 55 61 80 16 76 99 17 25 85 20 21 88 78 70 75 19 98 
