 0 13                         1.000000
 1 85                         1.000000
 2 24                         1.000000
 3 67                         1.000000
 4 1                          1.000000
 5 4                          1.000000
 6 28                         1.000000
 7 15                         1.000000
 8 11                         1.000000
 9 36                         1.000000
 10 18                        1.000000
 11 57                        1.000000
 12 62                        1.000000
 13 44                        1.000000
 14 98                        1.000000
 15 5                         1.000000
 16 23                        1.000000
 17 65                        1.000000
 18 77                        1.000000
 19 63                        1.000000
 20 78                        1.000000
 21 82                        1.000000
 22 54                        1.000000
 23 45                        1.000000
 24 80                        1.000000
 25 12                        1.000000
 26 14                        1.000000
 27 29                        1.000000
 28 61                        1.000000
 29 81                        1.000000
 30 8                         1.000000
 31 32                        1.000000
 32 42                        1.000000
 33 76                        1.000000
 34 40                        1.000000
 35 9                         1.000000
 36 33                        1.000000
 37 69                        1.000000
 38 64                        1.000000
 39 74                        1.000000
 40 10                        1.000000
 41 34                        1.000000
 42 27                        1.000000
 43 68                        1.000000
 44 52                        1.000000
 45 94                        1.000000
 46 21                        1.000000
 47 51                        1.000000
 48 84                        1.000000
 49 89                        1.000000
 50 39                        1.000000
 51 37                        1.000000
 52 55                        1.000000
 53 49                        1.000000
 54 92                        1.000000
 55 20                        1.000000
 56 56                        1.000000
 57 87                        1.000000
 58 7                         1.000000
 59 30                        1.000000
 60 16                        1.000000
 61 43                        1.000000
 62 48                        1.000000
 63 83                        1.000000
 64 90                        1.000000
 65 17                        1.000000
 66 46                        1.000000
 67 60                        1.000000
 68 22                        1.000000
 69 73                        1.000000
 70 19                        1.000000
 71 47                        1.000000
 72 50                        1.000000
 73 86                        1.000000
 74 96                        1.000000
 75 38                        1.000000
 76 6                         1.000000
 77 53                        1.000000
 78 88                        1.000000
 79 31                        1.000000
 80 41                        1.000000
 81 2                         1.000000
 82 70                        1.000000
 83 66                        1.000000
 84 99                        1.000000
 85 3                         1.000000
 86 79                        1.000000
 87 71                        1.000000
 88 95                        1.000000
 89 93                        1.000000
 90 25                        1.000000
 91 0                         1.000000
 92 72                        1.000000
 93 58                        1.000000
 94 97                        1.000000
 95 26                        1.000000
 96 59                        1.000000
 97 75                        1.000000
 98 91                        1.000000
 99 35                        1.000000
