0 8
1 31
2 57
3 37
4 27
5 68
6 3
7 63
8 65
9 1
10 56
11 12
12 15
13 98
14 41
15 24
16 49
17 22
18 50
19 75
20 38
21 66
22 93
23 34
24 6
25 87
26 91
27 55
28 77
29 5
30 13
31 64
32 33
33 92
34 23
35 86
36 74
37 21
38 97
39 78
40 48
41 89
42 44
43 61
44 80
45 72
46 32
47 18
48 84
49 35
50 99
51 69
52 81
53 4
54 46
55 16
56 30
57 52
58 47
59 11
60 25
61 58
62 79
63 53
64 7
65 9
66 0
67 51
68 60
69 96
70 45
71 90
72 71
73 88
74 26
75 43
76 19
77 62
78 2
79 76
80 17
81 70
82 94
83 36
84 10
85 40
86 39
87 28
88 73
89 85
90 59
91 67
92 83
93 29
94 82
95 95
96 42
97 14
98 20
99 54
