100 0 0 41.46 0.935882 0.914441 7.4246 7.41033 7.4246
100 0 1 37.64 1.00565 -0.419786 6.71995 6.71963 6.71995
100 0 2 34.59 0.971573 0.596652 7.76584 7.76584 7.76584
100 0 3 42.72 0.890968 1.27045 7.63994 7.63994 7.63994
100 0 4 37.59 0.872486 0.142565 9.25693 9.2515 9.25693
100 0 5 40.55 0.845004 1.88483 8.48666 8.48666 8.48666
100 0 6 38.71 0.951476 0.374228 8.23015 8.23015 8.23015
100 0 7 43.59 0.904905 -0.420084 7.96353 7.96353 7.96353
100 0 8 39.32 0.769576 -1.0172 7.69753 7.69753 7.69753
100 0 9 40.05 0.943326 1.47821 8.48664 8.48664 8.48664
100 0 10 39.89 0.752928 1.61092 8.25163 8.22209 8.25163
100 0 11 38.58 0.887178 -1.19021 7.47758 7.47758 7.47758
100 0 12 43.2 0.996495 0.319166 8.26623 8.26623 8.26623
100 0 13 39.47 0.914612 0.68445 6.90897 6.90897 6.90897
100 0 14 42.33 0.860928 -0.844744 8.63174 8.63174 8.63174
100 0 15 41.94 0.957276 -0.0972899 3.75477 3.75477 3.75477
100 0 16 40.73 1.02321 0.530038 5.264 5.26206 5.264
100 0 17 41.14 0.876651 -0.862025 7.50587 7.50587 7.50587
100 0 18 42.26 0.786881 1.19784 9.36952 9.36952 9.36952
100 0 19 44.42 0.902198 -0.0313794 7.08345 7.08345 7.08345
100 0 20 37.91 0.837496 -0.703703 7.14055 7.14055 7.14055
100 0 21 42.8 0.846222 1.97623 8.66781 8.66781 8.66781
100 0 22 41.5 0.883893 0.037132 8.32708 8.32708 8.32708
100 0 23 41.53 1.15243 0.549486 6.68527 6.68527 6.68527
100 0 24 43.76 0.853937 -0.663344 9.14096 9.14096 9.14096
100 0 25 41.33 0.899036 -0.455936 8.78656 8.78581 8.78656
100 0 26 43.52 0.871568 1.20761 4.51246 4.50436 4.51246
100 0 27 41.38 0.851413 0.417036 5.63661 5.63661 5.63661
100 0 28 36.84 0.962039 0.769956 7.87001 7.87001 7.87001
100 0 29 43.76 0.886786 0.293413 8.24027 8.24027 8.24027
100 0 30 44.9 0.801041 0.945391 9.01925 9.01925 9.01925
100 0 31 40 0.932963 0.723803 7.32667 7.32667 7.32667
100 0 32 42.49 0.899626 1.34932 4.81832 4.81832 4.81832
100 0 33 42.51 0.966342 -0.987416 8.2392 8.2392 8.2392
100 0 34 42.6 0.879625 0.210131 7.49364 7.49364 7.49364
100 0 35 43.21 0.892815 -0.282212 8.07375 8.07294 8.07375
100 0 36 39.54 0.907694 -0.0920179 8.29325 8.2918 8.29325
100 0 37 43.52 1.01921 1.55735 6.05082 6.05082 6.05082
100 0 38 42 0.947304 1.20692 8.0024 8.0024 8.0024
100 0 39 42.88 0.764724 0.310116 7.03753 7.03551 7.03753
100 0 40 39.68 0.829828 0.465113 7.8621 7.85011 7.8621
100 0 41 42.82 0.86541 1.03223 7.39444 7.39428 7.39444
100 0 42 40.49 0.984045 0.77862 6.98636 6.98425 6.98636
100 0 43 44.78 0.91217 1.41684 7.91022 7.91022 7.91022
100 0 44 41.34 0.918626 -0.534156 8.4404 8.4404 8.4404
100 0 45 42.34 0.804614 0.758967 9.98472 9.98472 9.98472
100 0 46 40.7 1.01235 -0.166757 6.13757 6.13757 6.13757
100 0 47 40.09 0.89022 -0.484569 7.73587 7.73587 7.73587
100 0 48 41.18 0.918629 0.0551138 3.71979 3.71979 3.71979
100 0 49 40.16 1.0889 0.543002 6.15299 6.15299 6.15299
100 0.1 0 34.92 0.985943 1.56476 7.33893 8.91809 9.66315
100 0.1 1 34.69 0.928007 0.058424 8.263 9.81094 10.9745
100 0.1 2 36.69 1.03732 -0.193039 7.29798 8.86296 9.68019
100 0.1 3 37.73 1.00939 -0.0235512 8.13153 9.39463 9.95173
100 0.1 4 34.38 1.18799 -1.18131 6.57173 7.76124 8.62041
100 0.1 5 37.33 0.869111 0.542187 8.78917 10.6793 11.4614
100 0.1 6 34.4 1.11191 1.73328 6.36158 6.70934 8.18885
100 0.1 7 37.26 0.877596 -0.461729 8.69893 9.71024 10.8858
100 0.1 8 37.94 0.941953 0.349225 7.92102 9.82017 10.5865
100 0.1 9 35.9 1.08587 0.94707 7.15216 8.40353 9.27286
100 0.1 10 37.14 1.00858 0.414861 6.18963 8.16307 8.5225
100 0.1 11 36.16 1.05852 -0.684481 6.8591 8.89408 9.44433
100 0.1 12 35.88 1.00523 0.0139593 6.08966 7.46224 7.87843
100 0.1 13 36.41 1.10836 2.08489 7.15713 9.22156 9.77436
100 0.1 14 38.28 1.00744 2.81101 7.17694 8.29774 9.64513
100 0.1 15 34.83 0.958427 -0.466001 6.1209 8.32529 8.92081
100 0.1 16 37.75 1.00816 0.321222 7.34292 8.89469 9.79259
100 0.1 17 37.79 0.988332 1.70826 7.32354 8.32209 8.7489
100 0.1 18 39.47 0.997809 0.148541 7.55919 8.95076 9.82947
100 0.1 19 38.13 0.996058 0.629758 6.60048 9.59875 10.1559
100 0.1 20 38.11 1.14249 -1.13593 6.80126 7.74979 8.01223
100 0.1 21 33.72 1.17679 0.111314 6.60038 7.68333 8.14861
100 0.1 22 36.65 0.966556 -0.335113 7.29308 9.34197 10.3304
100 0.1 23 35.35 1.08694 -0.0192865 7.24711 8.99788 10.2561
100 0.1 24 36.73 0.95679 0.147458 6.85508 7.31336 7.63722
100 0.1 25 34.62 1.0144 -0.180705 8.93695 10.0388 10.8846
100 0.1 26 40.04 1.0702 0.223762 6.33927 8.21408 8.98097
100 0.1 27 38.07 1.11504 0.857436 6.72392 8.56214 9.05738
100 0.1 28 36.14 0.900767 -0.163661 7.64281 9.53859 10.581
100 0.1 29 37.22 1.05655 0.845275 7.74515 8.78434 9.33153
100 0.1 30 39.07 1.10746 -1.015 6.01525 7.04785 7.29808
100 0.1 31 36.92 0.978765 1.56122 8.09726 9.42736 10.1733
100 0.1 32 37.54 0.939487 1.33229 6.63348 9.2363 10.3342
100 0.1 33 36.39 1.03141 0.132664 6.35458 7.60362 8.67373
100 0.1 34 37.9 0.975744 0.198668 7.96426 9.5397 9.87888
100 0.1 35 41.05 0.96959 0.819881 7.16517 8.45829 9.62365
100 0.1 36 38.55 1.13606 -0.556062 6.31532 8.35981 8.71702
100 0.1 37 39.73 0.850617 -0.2037 6.71952 7.39999 8.96857
100 0.1 38 35.5 1.16625 -0.339647 6.53097 7.50535 7.96429
100 0.1 39 36.03 1.05081 1.31942 7.36929 8.71131 9.44949
100 0.1 40 37.92 0.980555 1.32245 7.11726 8.06686 9.54157
100 0.1 41 40.02 1.02982 0.776288 6.89966 8.81739 9.38569
100 0.1 42 39.23 1.00035 0.886349 6.42633 8.37847 8.941
100 0.1 43 35.46 1.08996 0.298269 6.46347 7.45451 7.84056
100 0.1 44 34.65 1.09029 0.673678 7.02038 8.52389 9.29806
100 0.1 45 37.05 1.04037 0.46751 7.51024 9.16931 9.86594
100 0.1 46 40.26 1.01591 -0.589754 5.90259 8.1329 8.54187
100 0.1 47 33.36 1.16447 -0.170871 7.02692 7.88764 8.35239
100 0.1 48 36.64 1.09938 -0.738254 6.36448 7.83766 8.75426
100 0.1 49 37.99 0.956429 1.52157 7.5205 9.37322 10.252
100 0.2 0 37.98 0.845331 -0.621589 6.63997 8.1295 9.7896
100 0.2 1 39.71 0.843097 0.861799 7.40962 8.12263 10.1628
100 0.2 2 35.46 0.874027 1.71388 6.57315 7.94102 9.6066
100 0.2 3 38.88 0.880223 -1.44562 6.79766 8.92537 10.0758
100 0.2 4 36.5 0.958963 1.22335 7.09806 7.97017 9.71026
100 0.2 5 39.43 0.93185 -0.205504 7.38541 8.22807 10.364
100 0.2 6 38.03 1.03427 -0.583514 6.33823 8.12007 9.00934
100 0.2 7 37.63 0.891768 2.60316 6.26132 7.47327 8.52627
100 0.2 8 38.8 0.803979 0.109282 5.57951 6.6659 8.79675
100 0.2 9 37.6 1.0412 1.64262 5.98647 7.04471 8.57978
100 0.2 10 37.49 0.873128 0.0827615 6.73617 8.51175 9.52315
100 0.2 11 36.97 0.959065 0.821385 7.51208 8.15375 9.5308
100 0.2 12 39 0.959847 1.11864 5.64155 8.36068 9.59412
100 0.2 13 38.05 0.961933 1.0995 6.58806 8.38714 9.5834
100 0.2 14 36.42 0.969259 0.0434342 5.71941 6.69806 8.54909
100 0.2 15 34.65 0.872428 -1.76353 6.36894 8.05925 9.37348
100 0.2 16 34.84 0.992096 -0.940353 5.28483 7.26543 7.8823
100 0.2 17 36.45 0.870425 -0.238279 6.86679 7.86417 9.39606
100 0.2 18 36.22 0.907589 -0.0712968 6.56256 7.05204 9.10582
100 0.2 19 41.02 0.861689 1.57807 6.59895 8.70016 9.76287
100 0.2 20 37.68 0.939275 -0.800304 6.23697 7.99417 8.4424
100 0.2 21 38.7 0.863008 -0.121883 7.15612 8.0065 9.87643
100 0.2 22 37.27 1.03888 -1.99553 7.3282 8.3053 9.06725
100 0.2 23 35.77 0.959859 0.654175 6.86777 8.35152 9.53509
100 0.2 24 37.61 1.02312 1.91103 5.33593 5.85393 6.37635
100 0.2 25 38.4 0.942461 -0.243762 6.20318 7.93764 9.05855
100 0.2 26 38.64 0.847009 1.07368 7.89328 9.506 10.5907
100 0.2 27 38.64 0.958453 1.31988 7.19147 8.09425 8.9674
100 0.2 28 38.07 0.925602 0.0390885 7.50491 8.81788 10.1619
100 0.2 29 33.94 0.919999 0.840815 6.49703 8.19571 9.80079
100 0.2 30 35.82 0.940437 2.1072 6.23972 7.53798 8.30966
100 0.2 31 37.59 0.963878 -1.00486 6.29442 7.81384 8.64327
100 0.2 32 35.71 0.888608 1.13993 7.81727 8.74835 9.81012
100 0.2 33 36.92 1.00526 1.24011 6.46975 7.38261 8.30844
100 0.2 34 36.68 1.04411 2.27293 5.54207 6.38112 7.10166
100 0.2 35 36.53 0.942381 -0.134429 6.87123 8.94543 9.79549
100 0.2 36 38.79 0.950877 -0.96123 6.62104 8.16344 9.3436
100 0.2 37 39.04 0.963228 0.112302 5.94155 7.61708 8.71167
100 0.2 38 36.55 1.01587 0.0907719 6.29536 7.73665 8.92679
100 0.2 39 36.49 0.89284 0.300487 6.1142 7.57909 8.85601
100 0.2 40 37.61 0.929155 0.0124708 7.43668 8.06803 9.24492
100 0.2 41 36.99 0.903735 1.20384 7.25062 9.1904 10.4524
100 0.2 42 34.99 0.884126 0.30544 7.07859 8.02055 9.74149
100 0.2 43 34.77 0.968015 0.213012 6.80556 8.0292 8.94092
100 0.2 44 34.36 1.07536 1.76076 5.792 7.37071 8.46476
100 0.2 45 39.33 0.924465 -0.234279 7.25801 9.27692 10.18
100 0.2 46 37.38 0.855554 0.900098 7.63435 9.38261 10.6314
100 0.2 47 37.66 0.839381 -0.783836 7.06648 7.6988 10.2117
100 0.2 48 35.66 0.957624 0.928104 7.15573 8.57942 9.62538
100 0.2 49 37.33 0.995095 0.733733 6.19526 7.7215 8.57984
100 0.3 0 36.16 0.834761 1.4816 6.14642 6.47201 8.36936
100 0.3 1 39.9 0.804474 -0.297165 5.25636 7.47626 8.94887
100 0.3 2 36.19 0.886689 2.02207 6.50716 7.16595 9.1488
100 0.3 3 37.8 0.887889 1.54149 5.91361 7.36127 8.77846
100 0.3 4 37.74 0.849919 0.923752 5.17837 6.57552 8.13209
100 0.3 5 40.45 0.878996 0.906421 6.31629 7.7639 9.08535
100 0.3 6 39.49 0.824258 1.26419 6.71733 7.65671 9.60728
100 0.3 7 38.62 0.799756 0.788579 5.58377 7.14809 9.27058
100 0.3 8 38.08 0.837026 1.07706 6.12748 7.75588 9.03904
100 0.3 9 36.26 0.844552 0.957547 6.63722 7.16109 8.49571
100 0.3 10 34.13 0.846864 0.584825 5.29909 6.38364 8.70837
100 0.3 11 38.12 0.86389 1.03065 6.6242 7.55227 9.35205
100 0.3 12 38.11 0.827331 -0.149677 6.34369 6.36995 8.52403
100 0.3 13 38.75 0.848139 1.16151 5.96615 7.37776 8.59528
100 0.3 14 36.2 0.821232 0.730286 6.36782 7.01884 9.18056
100 0.3 15 37.18 0.821074 0.465497 5.85927 6.86605 8.78302
100 0.3 16 37.61 0.83042 1.81131 6.10244 7.53996 8.84166
100 0.3 17 38.9 0.821823 0.878674 5.87606 6.73305 8.76691
100 0.3 18 39.41 0.886728 -0.931842 6.19809 7.50475 9.1487
100 0.3 19 34.24 0.902485 -0.642987 5.58028 6.68509 8.53011
100 0.3 20 38.18 0.815689 1.67929 6.62085 8.24327 9.31201
100 0.3 21 38.32 0.826471 1.61485 5.62413 7.09142 8.81325
100 0.3 22 38.25 0.832517 1.03836 6.57165 7.87925 9.77795
100 0.3 23 39.25 0.826519 1.24171 6.44536 8.34976 9.64512
100 0.3 24 35.45 0.838091 1.11822 5.95975 7.21624 8.92139
100 0.3 25 35.68 0.843516 2.53968 5.82458 7.87086 9.71908
100 0.3 26 38.01 0.863739 0.778888 6.32807 7.41707 9.15401
100 0.3 27 38.07 0.829251 -0.357674 6.86916 7.58675 9.15536
100 0.3 28 35.5 0.794799 -0.946513 5.93339 7.19113 8.59947
100 0.3 29 37.07 0.814689 1.67596 6.18615 6.9292 8.89576
100 0.3 30 38.52 0.837285 1.01002 5.69269 7.37225 9.32991
100 0.3 31 36.87 0.986869 -0.343373 6.0477 7.37271 8.84227
100 0.3 32 37.3 0.891133 0.782169 4.53843 5.91185 8.27975
100 0.3 33 38.74 0.852846 2.18041 6.18252 6.8568 8.41275
100 0.3 34 36.97 0.865025 2.29369 6.88287 8.60378 10.0294
100 0.3 35 36.71 0.888576 1.86494 5.43859 6.79159 8.34197
100 0.3 36 36.5 0.805608 0.113861 6.7412 6.94096 9.50578
100 0.3 37 37.62 0.824249 2.39023 6.68428 8.21224 9.64922
100 0.3 38 35.33 0.776029 0.00571017 6.81377 7.30337 9.57282
100 0.3 39 37.2 0.802822 0.612604 6.08479 7.71053 9.82911
100 0.3 40 37.26 0.812147 1.47928 6.38205 7.48912 9.6599
100 0.3 41 37.16 0.816222 -0.700704 6.74761 7.94722 9.14982
100 0.3 42 36.48 0.853986 -0.445689 7.57515 7.40238 9.31863
100 0.3 43 35.6 0.901135 1.28481 5.28792 6.5752 8.38496
100 0.3 44 36.91 0.880831 1.1261 6.46135 8.124 9.23759
100 0.3 45 37.11 0.911695 1.42525 5.27801 7.37006 8.82949
100 0.3 46 37.16 0.849227 1.54948 6.17126 8.22207 9.63088
100 0.3 47 37.54 0.816185 1.03172 6.08009 8.14321 10.2376
100 0.3 48 38.94 0.903505 1.22656 5.28659 5.84719 7.57798
100 0.3 49 39.4 0.785766 0.242849 6.03656 7.45137 9.12275
100 0.4 0 40.28 0.708706 1.36672 5.23651 5.7727 8.82008
100 0.4 1 37.87 0.785222 0.216449 5.8126 6.1003 8.23869
100 0.4 2 39.6 0.825682 -0.248859 5.19315 6.82144 8.11743
100 0.4 3 40.69 0.780952 0.603483 5.99986 6.79078 8.81528
100 0.4 4 39.46 0.80999 0.132839 4.83569 6.28814 8.53761
100 0.4 5 38.02 0.776176 0.345974 5.33883 5.78722 8.33599
100 0.4 6 40.17 0.806762 1.07487 4.72901 5.61099 7.47333
100 0.4 7 38.95 0.836136 -0.689278 5.04568 6.53569 8.20127
100 0.4 8 40.56 0.833714 -0.569145 5.42498 6.44605 8.37949
100 0.4 9 38.45 0.80138 1.3565 3.93311 6.72666 8.22814
100 0.4 10 39.51 0.796231 -0.2629 6.29723 6.16681 8.63303
100 0.4 11 41.27 0.824781 0.649695 5.09468 6.5467 8.48899
100 0.4 12 38.33 0.835533 0.324226 5.40209 6.01592 7.84422
100 0.4 13 37.86 0.816482 1.40052 5.91451 6.35538 8.38918
100 0.4 14 37.18 0.801118 -0.160802 5.34412 5.57361 8.07883
100 0.4 15 40.54 0.724862 0.25838 5.45587 6.17215 8.68263
100 0.4 16 38.2 0.854136 0.955309 4.93357 5.92848 7.47876
100 0.4 17 37.28 0.774124 0.699275 4.9953 6.22688 8.41879
100 0.4 18 41.85 0.807202 0.13012 5.4052 6.32737 8.1969
100 0.4 19 39.94 0.769943 -0.0769715 6.17426 6.86694 8.88956
100 0.4 20 39 0.80532 0.850471 5.8164 6.00124 8.36659
100 0.4 21 39.28 0.806074 -0.267026 5.25512 6.92447 8.41998
100 0.4 22 40.9 0.729681 1.95846 5.01395 5.60438 8.62473
100 0.4 23 39.6 0.848895 -0.510752 4.74916 5.96887 7.84171
100 0.4 24 39.36 0.779275 -0.0396027 5.50223 6.71868 8.98002
100 0.4 25 38.67 0.739525 1.00421 6.25447 6.76038 8.9835
100 0.4 26 40.08 0.765256 -0.113488 5.35408 6.89328 8.73053
100 0.4 27 37.86 0.7797 -0.341592 6.1091 5.8797 8.46384
100 0.4 28 38.13 0.846604 0.28834 5.75417 6.3394 8.10619
100 0.4 29 41.31 0.765374 -0.836571 5.55477 6.3013 8.06977
100 0.4 30 41.25 0.78091 0.428756 5.19309 5.71 7.6493
100 0.4 31 38.77 0.827826 0.135708 6.14349 5.98763 8.74474
100 0.4 32 37.28 0.795887 1.03147 6.22515 6.50289 8.87964
100 0.4 33 38.49 0.870959 0.610665 5.7609 6.91042 8.85947
100 0.4 34 40.01 0.755671 -0.0401038 5.43248 5.738 8.20694
100 0.4 35 39.7 0.753032 -1.14627 4.52266 5.9664 8.12946
100 0.4 36 37.36 0.845685 0.482209 4.34967 5.42465 7.36968
100 0.4 37 39.92 0.767628 1.8951 5.37219 7.06589 9.19789
100 0.4 38 38.6 0.798647 1.56117 6.36531 6.35388 9.1271
100 0.4 39 39.53 0.801961 1.29123 5.39162 6.18417 8.92369
100 0.4 40 39.52 0.811205 -0.353209 5.32914 6.19824 8.48584
100 0.4 41 36.41 0.815529 1.57638 6.28437 6.91467 8.51274
100 0.4 42 38.91 0.865186 1.67562 5.35383 6.40203 7.97796
100 0.4 43 39.67 0.812302 0.161119 4.76934 6.35257 8.99458
100 0.4 44 40.77 0.860266 0.00935359 5.62793 5.79594 8.58101
100 0.4 45 39.19 0.710783 -0.926592 6.04933 7.16977 9.92997
100 0.4 46 38.55 0.755262 2.03616 5.60155 6.16681 8.96897
100 0.4 47 38.09 0.85003 1.47267 4.46631 5.52142 7.46605
100 0.4 48 39.62 0.849933 0.795482 6.40564 6.23712 7.8078
100 0.4 49 39.29 0.858112 1.00555 5.96236 7.22867 8.77516
100 0.5 0 39.21 0.81194 1.90724 5.66002 5.5474 7.9493
100 0.5 1 40.92 0.793544 0.649503 3.78582 4.59449 6.90086
100 0.5 2 39.75 0.725043 0.56901 5.01781 4.92732 7.86573
100 0.5 3 39.37 0.812546 0.978427 4.6941 5.04817 7.62556
100 0.5 4 39.32 0.735606 -0.605677 4.63847 5.27964 7.93663
100 0.5 5 41.17 0.748747 0.65198 4.5403 4.92934 8.21166
100 0.5 6 40.17 0.727328 0.173823 4.07652 5.05248 7.07093
100 0.5 7 39.32 0.768462 0.773644 4.75444 5.30287 8.07211
100 0.5 8 40.03 0.811373 1.51328 4.71337 4.11415 7.2411
100 0.5 9 41.03 0.77968 0.961103 4.4134 4.87342 7.70261
100 0.5 10 41.29 0.708782 1.03412 5.57614 4.44618 8.19526
100 0.5 11 39.35 0.764645 0.242658 4.36604 5.82027 7.96388
100 0.5 12 39.95 0.782076 0.0533868 4.9575 4.00554 6.79042
100 0.5 13 39.93 0.757775 -0.127985 4.66894 5.3167 8.07928
100 0.5 14 38.74 0.806791 1.89356 4.49361 4.88342 7.19347
100 0.5 15 39 0.732414 0.222385 5.04139 4.99411 7.72788
100 0.5 16 39.64 0.75391 0.436607 4.80058 5.51257 7.64823
100 0.5 17 38.51 0.733919 -0.390098 5.03756 5.15955 8.28677
100 0.5 18 37.95 0.754485 0.897841 5.04291 4.30885 7.68192
100 0.5 19 39.08 0.703791 0.276948 5.04907 4.90291 7.84652
100 0.5 20 39.99 0.754213 0.862382 3.75348 4.5553 7.92247
100 0.5 21 37.85 0.720755 0.838792 4.50244 4.63113 7.50276
100 0.5 22 39.63 0.794408 -0.0283864 4.29274 4.09343 6.81191
100 0.5 23 39.71 0.755066 0.130504 4.32955 3.8402 6.72177
100 0.5 24 41.1 0.766673 1.11163 4.29162 5.32354 7.64329
100 0.5 25 40.16 0.732041 1.0974 4.58711 4.99528 7.93814
100 0.5 26 39.08 0.785872 0.911157 4.87114 4.32799 7.1966
100 0.5 27 38.47 0.771393 0.198143 4.52884 5.32206 7.66534
100 0.5 28 39.54 0.699863 0.453826 4.95796 5.56566 7.59818
100 0.5 29 37.47 0.779677 -0.0793364 4.17723 4.43706 7.35708
100 0.5 30 40.93 0.690052 2.64576 3.62796 4.86245 7.49827
100 0.5 31 39.64 0.712301 1.42048 5.60986 5.49943 8.60263
100 0.5 32 40.41 0.71456 -0.932955 5.68179 4.78604 8.36957
100 0.5 33 39.99 0.758819 -0.743087 4.40436 4.5613 7.77033
100 0.5 34 40.16 0.733773 1.796 5.42254 5.18735 8.16223
100 0.5 35 40.97 0.777398 0.428683 4.43068 4.59056 7.12552
100 0.5 36 39.28 0.737876 0.883858 4.08274 4.40066 7.66321
100 0.5 37 39.39 0.763928 1.01006 5.74866 4.94311 8.1838
100 0.5 38 40.01 0.752256 1.03975 3.63936 4.27212 6.98842
100 0.5 39 41.92 0.73178 0.51295 4.5225 4.64439 7.25841
100 0.5 40 39.93 0.753192 1.00153 3.94392 4.49904 7.52602
100 0.5 41 41.55 0.828598 -0.313809 3.91275 4.55823 7.2221
100 0.5 42 39.52 0.802671 1.237 4.28399 5.04711 7.64163
100 0.5 43 39.74 0.735018 1.03898 5.03633 5.60345 8.26858
100 0.5 44 39.82 0.759999 1.50232 3.69615 5.68696 7.09485
100 0.5 45 40.22 0.737144 -1.07973 4.68668 4.65386 7.65013
100 0.5 46 41.49 0.787415 -0.103281 4.87563 3.97055 6.84464
100 0.5 47 39.21 0.757837 1.45819 4.65615 4.60555 8.13329
100 0.5 48 40.66 0.702022 1.24755 3.49426 4.13872 7.27623
100 0.5 49 41.06 0.706244 -0.2964 4.81201 5.15759 7.83857
100 0.6 0 40.88 0.659069 1.20588 2.92361 3.29226 7.1461
100 0.6 1 40.81 0.740172 -0.0473438 3.53265 3.46494 6.84972
100 0.6 2 41.53 0.689794 0.266004 3.59292 4.12721 7.65821
100 0.6 3 39.76 0.743114 1.02639 4.34958 4.63468 7.17005
100 0.6 4 41 0.727115 0.822078 4.09951 3.26371 6.69882
100 0.6 5 40.77 0.765509 -0.116543 4.17347 3.55527 6.90311
100 0.6 6 41.78 0.730698 -0.572613 4.28024 4.39727 7.33949
100 0.6 7 40.88 0.667612 0.915422 4.20306 3.04427 6.99043
100 0.6 8 40.57 0.705655 1.6493 4.49073 2.57828 6.22698
100 0.6 9 40.5 0.778422 0.388691 2.97158 2.45343 6.12454
100 0.6 10 39.97 0.665968 1.28953 3.27535 4.21649 7.96861
100 0.6 11 40.39 0.639934 0.983502 4.60356 2.82305 7.89773
100 0.6 12 39.6 0.706687 1.14872 4.78603 3.54122 7.37729
100 0.6 13 40.68 0.662736 0.367398 4.7362 5.35712 7.65528
100 0.6 14 40.28 0.674629 1.16036 3.7883 3.12962 7.0711
100 0.6 15 39.9 0.719135 1.43082 2.83726 3.52686 7.10104
100 0.6 16 40.74 0.665212 0.147891 4.07116 3.13701 6.89038
100 0.6 17 41.83 0.666803 0.409169 4.47838 3.65006 7.43843
100 0.6 18 41.35 0.634197 0.177906 3.64316 3.43681 7.42346
100 0.6 19 38.95 0.724294 1.31 4.43727 2.70609 7.16562
100 0.6 20 40.48 0.72796 0.584222 3.46028 3.50291 7.3235
100 0.6 21 39.89 0.693905 0.853437 3.6253 3.57365 7.12065
100 0.6 22 41.29 0.660042 0.834128 2.97448 2.89796 7.08104
100 0.6 23 41.99 0.734414 0.872022 3.5152 2.63566 6.8055
100 0.6 24 39.99 0.677062 0.39897 4.38695 3.77262 7.27054
100 0.6 25 41.26 0.742615 0.462262 3.97995 3.0988 6.8561
100 0.6 26 41.19 0.700049 -0.296166 4.23434 3.4034 6.83572
100 0.6 27 40.31 0.72581 0.487918 3.34694 3.21328 6.75933
100 0.6 28 39.66 0.754087 -0.360286 4.27652 2.24216 6.67545
100 0.6 29 40.44 0.689194 -0.221125 4.06575 3.24167 7.40932
100 0.6 30 40.57 0.702321 0.591032 4.36833 2.87063 6.67886
100 0.6 31 39.49 0.710804 0.487238 4.04595 3.55161 6.74347
100 0.6 32 41.46 0.719936 -0.0764722 3.85095 3.16756 6.21308
100 0.6 33 39.16 0.678304 0.949669 3.51231 3.85869 8.12259
100 0.6 34 41.62 0.60266 0.631146 3.2904 3.00621 7.92611
100 0.6 35 40.69 0.70939 1.22909 3.94504 3.54781 6.46133
100 0.6 36 40.78 0.697146 1.52367 4.27018 3.76302 7.34003
100 0.6 37 40.97 0.724168 0.839372 4.11431 3.93868 7.53542
100 0.6 38 40.29 0.716352 0.585732 4.01408 2.98101 6.50816
100 0.6 39 40.72 0.677635 0.817191 4.05267 4.10795 7.7707
100 0.6 40 41.19 0.651924 1.21955 3.54529 2.59307 6.37497
100 0.6 41 40 0.716245 0.212447 3.62721 3.6047 7.24491
100 0.6 42 40.47 0.680775 -0.0148396 4.23121 3.66456 7.68017
100 0.6 43 42.33 0.725925 0.0378015 3.12966 2.65897 6.16784
100 0.6 44 40.53 0.680406 1.22351 3.47147 3.69736 7.5084
100 0.6 45 41.46 0.662179 0.044687 4.9072 4.73826 8.06811
100 0.6 46 39.5 0.659256 0.32276 5.03039 2.29072 7.75025
100 0.6 47 40.65 0.715689 0.859857 3.54296 1.84056 7.59114
100 0.6 48 39.43 0.780598 0.85064 3.62544 3.57265 6.83408
100 0.6 49 41.31 0.706993 1.42166 3.62038 2.57278 6.57051
100 0.7 0 42.04 0.706983 0.642105 1.60517 2.27945 6.02475
100 0.7 1 39.73 0.582115 -0.0954559 3.42436 2.62821 6.98824
100 0.7 2 41.53 0.729346 -0.167506 3.22519 2.48408 6.26684
100 0.7 3 41.66 0.661285 0.728575 3.72519 1.40474 6.61351
100 0.7 4 40.64 0.678177 1.36862 3.68797 2.18049 6.37516
100 0.7 5 41.82 0.688104 0.777488 2.98956 2.2904 6.49408
100 0.7 6 43.24 0.676363 1.58786 3.72859 2.24375 6.48099
100 0.7 7 41.46 0.687672 0.261078 3.70657 2.6015 6.21399
100 0.7 8 40.8 0.698514 -0.293033 3.67166 2.21201 6.59422
100 0.7 9 41.8 0.667698 1.01174 2.48363 2.37086 5.76952
100 0.7 10 42.53 0.712773 0.591663 2.67044 1.77481 5.7378
100 0.7 11 40.33 0.657068 0.241814 2.95532 1.73328 6.14497
100 0.7 12 41.1 0.728131 0.685103 3.26759 1.05293 5.41147
100 0.7 13 41.16 0.662538 1.32858 3.67701 1.93836 6.26787
100 0.7 14 40.82 0.678883 0.653297 2.65378 2.04162 6.01087
100 0.7 15 41.18 0.697397 0.493867 3.76325 2.26616 5.2268
100 0.7 16 42.12 0.628236 1.90846 3.02704 2.03263 6.55198
100 0.7 17 41.77 0.641587 0.121842 2.47278 2.29777 6.68614
100 0.7 18 41.49 0.717316 0.137811 2.86323 1.94711 6.04135
100 0.7 19 42.63 0.632825 0.895382 3.83255 1.48345 6.61537
100 0.7 20 42.6 0.704637 -0.385798 3.84861 0.919869 5.8981
100 0.7 21 42.49 0.653044 0.549494 3.11216 2.17 6.14907
100 0.7 22 41.6 0.653975 -0.165259 2.75304 2.74007 6.26083
100 0.7 23 40.51 0.643295 1.13841 3.68482 3.43903 6.66027
100 0.7 24 40.97 0.642387 0.829188 2.60285 0.707957 6.3645
100 0.7 25 41.41 0.68693 0.993892 3.43434 2.5022 6.30581
100 0.7 26 41.61 0.683748 1.80697 3.43284 1.5012 6.33889
100 0.7 27 42.36 0.697375 0.392628 3.03936 2.40791 5.47649
100 0.7 28 40.86 0.692979 0.570079 3.52406 1.59168 5.65919
100 0.7 29 42.63 0.662618 1.54825 3.65376 1.00567 6.11714
100 0.7 30 41.22 0.689644 0.234677 3.37862 1.51779 6.26751
100 0.7 31 41.55 0.703041 1.1223 1.93453 2.54515 5.63621
100 0.7 32 41.32 0.705917 1.56542 2.6658 2.4404 5.88963
100 0.7 33 41.85 0.709921 0.289325 2.89079 1.89829 5.96746
100 0.7 34 40.79 0.687578 0.999762 2.08966 0.905967 5.81048
100 0.7 35 43.12 0.651619 1.03351 3.77034 2.0625 6.23856
100 0.7 36 40.49 0.698095 1.40045 2.00092 2.00032 5.43494
100 0.7 37 41.83 0.64841 0.605572 3.35199 1.53869 6.76919
100 0.7 38 41.86 0.645398 0.901737 3.67063 1.59667 6.79559
100 0.7 39 40.85 0.698292 0.296809 3.89169 2.1084 5.94955
100 0.7 40 40.76 0.611424 1.07384 2.6653 2.1812 6.89119
100 0.7 41 41.19 0.676833 1.05758 3.2432 1.41822 6.61353
100 0.7 42 43.82 0.750767 0.0678507 3.04098 2.47358 5.64111
100 0.7 43 42.07 0.65337 0.0151447 3.51807 2.06268 6.22087
100 0.7 44 42.02 0.6879 0.0830804 2.31777 1.71389 5.90298
100 0.7 45 41.81 0.62994 2.16968 2.83193 2.08594 6.88802
100 0.7 46 40.9 0.666741 -0.890029 3.35888 2.74794 6.72773
100 0.7 47 42.24 0.654809 1.52082 2.67092 1.7123 6.12267
100 0.7 48 41.4 0.661779 1.42704 3.10621 -0.216068 5.94921
100 0.7 49 40.97 0.634164 1.25346 1.65714 0.747707 5.9998
100 0.8 0 43.02 0.716461 0.838326 1.9542 0.315531 5.06194
100 0.8 1 42.48 0.630474 0.827001 2.64338 1.6395 5.37957
100 0.8 2 42.01 0.646873 1.75894 2.1737 0.275479 5.30835
100 0.8 3 42.7 0.650154 0.234015 3.04188 0.869315 5.15457
100 0.8 4 43.48 0.694111 1.30903 2.96555 -0.202136 5.09266
100 0.8 5 43.1 0.670646 0.162726 1.5676 2.37363 5.5656
100 0.8 6 43.08 0.682206 1.11192 1.23151 1.00227 5.17555
100 0.8 7 42.61 0.69428 0.894023 2.17462 1.09384 5.30593
100 0.8 8 42.86 0.663641 0.723775 1.4834 0.919223 5.32917
100 0.8 9 43.58 0.723456 0.93779 2.50369 0.658571 5.00342
100 0.8 10 42.97 0.681397 -0.0500235 2.34709 2.54338 5.40135
100 0.8 11 43.39 0.681458 0.612456 2.21565 0.475429 5.41023
100 0.8 12 43.25 0.667658 1.44878 1.94548 2.10378 5.1169
100 0.8 13 42.88 0.681163 0.676227 2.14254 -0.0743874 5.12707
100 0.8 14 43.07 0.664239 0.91016 1.56489 -0.436629 5.1458
100 0.8 15 42.5 0.67116 1.62504 3.41917 0.136511 5.94433
100 0.8 16 42.72 0.718849 0.150853 1.55072 2.16247 5.3445
100 0.8 17 42.42 0.705753 1.66858 3.38695 0.356032 5.39157
100 0.8 18 42.65 0.631833 0.539689 2.68647 0.162728 5.55575
100 0.8 19 41.96 0.630011 1.2838 1.73907 1.74015 5.52357
100 0.8 20 41.93 0.643159 1.24274 1.59153 0.628085 5.7993
100 0.8 21 42.75 0.646796 0.663632 2.37431 -0.304038 5.32713
100 0.8 22 43.09 0.668445 1.77281 1.16337 0.131901 5.65659
100 0.8 23 42.84 0.617117 0.476673 2.68882 -0.0364597 5.52706
100 0.8 24 43.11 0.648719 -0.0973566 1.76447 0.437239 5.29522
100 0.8 25 43.38 0.728715 1.11452 2.38089 -0.263417 4.49164
100 0.8 26 43.63 0.650296 2.22846 2.75508 2.15492 5.19568
100 0.8 27 43.43 0.621242 1.7646 2.86495 0.857719 5.35043
100 0.8 28 43.24 0.637696 0.724295 2.04298 -0.0129424 5.09119
100 0.8 29 43.24 0.61277 1.07772 2.23378 0.903426 5.46532
100 0.8 30 44.15 0.675184 0.212827 1.90077 1.20369 5.10718
100 0.8 31 43.11 0.721136 1.17661 2.36456 1.30831 5.05405
100 0.8 32 43.18 0.67672 1.25222 2.38492 0.791909 5.07196
100 0.8 33 42.92 0.69575 1.0592 1.41887 1.65286 5.14257
100 0.8 34 42.69 0.729228 0.622135 1.42541 1.23731 4.68143
100 0.8 35 42.89 0.643825 1.93143 1.75533 -0.127547 5.00215
100 0.8 36 42.78 0.6495 0.939049 2.4964 0.24515 5.36897
100 0.8 37 43.43 0.65573 0.0292119 1.36915 0.653286 5.17812
100 0.8 38 42.54 0.629106 1.58164 3.35734 1.64177 5.23991
100 0.8 39 42.7 0.642712 0.919256 2.45309 2.32231 5.69509
100 0.8 40 43.48 0.716895 0.835935 1.64987 -0.321125 4.81019
100 0.8 41 43.19 0.707134 -0.0820388 2.46552 -0.418722 4.80031
100 0.8 42 42.42 0.667225 0.0889027 2.64204 0.540185 5.46305
100 0.8 43 43.53 0.65854 0.628351 2.71547 0.23906 5.02635
100 0.8 44 43.49 0.63802 1.23484 2.44077 0.248686 5.2177
100 0.8 45 42.19 0.677068 1.59345 0.649882 1.1737 5.25326
100 0.8 46 43.12 0.645903 0.568605 1.66333 0.197359 5.21343
100 0.8 47 43.09 0.684086 -0.102561 2.051 0.299064 4.92965
100 0.8 48 42.95 0.669453 0.0934595 2.41813 0.824659 5.05376
100 0.8 49 42.75 0.69384 1.13242 1.13795 -0.384233 5.08932
100 0.9 0 44.62 0.694143 0.151526 1.5 0.316841 4.06724
100 0.9 1 43.94 0.608315 0.679708 1.83919 0.324709 4.82894
100 0.9 2 44.33 0.643015 2.36317 1.75047 0.781256 4.50795
100 0.9 3 43.96 0.75234 1.5444 2.07925 0.60704 4.19322
100 0.9 4 44.04 0.699195 1.4213 1.8316 1.36194 4.18131
100 0.9 5 43.99 0.676945 0.456125 1.74458 0.142726 4.70654
100 0.9 6 44.03 0.673471 0.408357 2.46998 1.46341 4.64778
100 0.9 7 44.15 0.654383 0.497738 3.1067 0.368485 4.63503
100 0.9 8 44.12 0.725413 1.27374 1.37106 1.26955 4.17942
100 0.9 9 44.62 0.621129 1.36827 1.22729 -1.16436 4.24159
100 0.9 10 43.98 0.740132 0.837564 1.61962 1.60443 4.13071
100 0.9 11 43.86 0.732667 0.577413 2.35817 0.778862 4.12854
100 0.9 12 44.08 0.681128 1.65825 -0.261123 0.734392 4.33582
100 0.9 13 43.99 0.687882 1.00664 1.95386 -0.27748 4.25644
100 0.9 14 44.38 0.751422 -0.101998 1.17253 0.989144 3.88863
100 0.9 15 44 0.688608 0.797508 0.828 0.0129567 4.15785
100 0.9 16 44.41 0.714791 0.959174 1.57432 0.113941 4.26392
100 0.9 17 44.21 0.652524 0.17789 1.9607 -0.601091 4.32619
100 0.9 18 44.3 0.772227 1.78106 1.7218 0.401543 4.04507
100 0.9 19 44.54 0.722575 1.1036 2.33226 1.967 4.33989
100 0.9 20 44.49 0.65238 0.877774 -0.133499 0.593049 4.34482
100 0.9 21 43.81 0.698722 0.741775 1.50753 0.690891 4.33895
100 0.9 22 44.05 0.62102 1.04635 2.22152 0.600467 4.7225
100 0.9 23 44.13 0.658692 1.86681 1.11807 0.40457 4.33937
100 0.9 24 44.79 0.668427 0.792359 1.71526 1.22707 4.37375
100 0.9 25 43.94 0.684667 1.58902 2.35421 1.32561 4.34395
100 0.9 26 44.09 0.66013 1.7791 1.92405 0.998262 4.57232
100 0.9 27 44.06 0.684088 1.74825 1.46547 0.19652 4.22851
100 0.9 28 44.26 0.715856 1.05132 1.12648 1.29299 4.25416
100 0.9 29 44.05 0.706332 1.07544 1.91907 0.00646696 4.24484
100 0.9 30 43.9 0.724474 1.86948 1.28344 1.1411 4.01869
100 0.9 31 44.06 0.673162 1.71993 1.72843 0.133491 4.88885
100 0.9 32 43.97 0.682085 -0.532499 1.06204 0.702157 4.54731
100 0.9 33 43.68 0.742937 0.194975 2.5338 0.405893 4.5602
100 0.9 34 44.1 0.715012 -0.0907904 1.18089 0.130626 4.1332
100 0.9 35 44.58 0.682445 0.737422 1.21895 1.23914 4.55174
100 0.9 36 44.53 0.708224 0.729725 1.34875 1.20792 4.47066
100 0.9 37 43.71 0.739614 1.17461 1.7684 -0.0519952 4.04825
100 0.9 38 44.13 0.666773 0.00183172 0.917169 0.722278 4.41805
100 0.9 39 44.46 0.717131 0.36337 1.57753 0.598377 3.91049
100 0.9 40 43.88 0.675893 1.0514 3.16993 1.82414 4.45472
100 0.9 41 43.83 0.70841 1.22095 0.265053 1.1903 4.50445
100 0.9 42 44.53 0.670771 0.137708 -0.10717 0.947177 4.23571
100 0.9 43 44.08 0.732719 1.05165 1.33199 0.991969 4.09567
100 0.9 44 44.51 0.681927 0.978718 1.58889 0.198138 4.33554
100 0.9 45 44.12 0.615234 -0.0618695 2.54929 0.727 4.92307
100 0.9 46 44.26 0.707499 0.972509 1.56562 2.19406 4.11987
100 0.9 47 44.09 0.735069 0.414712 1.48975 -0.0455708 4.00512
100 0.9 48 44.49 0.657562 -0.0448574 2.08744 -0.963266 4.467
100 0.9 49 44.36 0.69324 -0.245109 1.99251 0.0547775 4.21931
100 1 0 45.52 0.724674 0.811735 1.41988 0.549757 4.0507
100 1 1 45.52 0.68899 1.97286 1.33755 -0.398228 4.06184
100 1 2 45.63 0.708105 -0.769031 0.934432 -0.796067 3.94376
100 1 3 45.6 0.671403 0.915312 1.72049 0.957073 4.40252
100 1 4 45.23 0.761236 0.523579 1.94265 1.06724 3.98948
100 1 5 45.69 0.750079 1.38087 2.21197 0.62457 3.73432
100 1 6 45.85 0.652075 1.22907 1.2236 0.40593 4.08448
100 1 7 45.33 0.769813 1.54079 1.35375 1.55943 3.81198
100 1 8 45.43 0.711869 0.878215 1.10013 0.00246051 4.11999
100 1 9 45.61 0.727942 0.275848 1.07919 0.149817 3.73835
100 1 10 45.66 0.716602 -0.270827 0.395252 0.587823 3.9755
100 1 11 45.29 0.652512 0.484001 2.57321 0.401097 4.67249
100 1 12 45.28 0.739138 1.46504 1.63728 -0.337117 4.01356
100 1 13 45.1 0.771593 0.490867 1.83043 0.416143 4.01036
100 1 14 45.53 0.661166 -0.451752 2.551 0.88591 4.41763
100 1 15 45.21 0.731926 0.855601 2.24983 0.334406 3.99484
100 1 16 45.45 0.732422 0.706044 2.13687 0.991845 4.14387
100 1 17 45.59 0.712029 1.03799 0.93267 -0.0118912 3.75195
100 1 18 45.72 0.698974 -0.526922 1.22168 0.678365 3.93015
100 1 19 45.62 0.710847 0.236869 1.46981 0.766757 3.83548
100 1 20 45.71 0.706753 0.76464 1.88287 1.03769 3.52518
100 1 21 45.55 0.736064 0.669387 -0.0493537 0.997991 3.86276
100 1 22 45.79 0.659686 1.12917 2.57813 0.0417416 4.11633
100 1 23 45.66 0.702784 0.898473 1.80655 1.18141 4.05635
100 1 24 45.42 0.764598 1.35917 1.92505 1.34662 3.73498
100 1 25 45.63 0.690231 0.714028 2.14103 -1.20513 4.14756
100 1 26 45.43 0.71838 0.479974 1.56584 -0.0708312 3.97125
100 1 27 45.59 0.698627 0.642804 1.87852 -1.04318 3.74296
100 1 28 45.33 0.678908 1.85051 1.35852 0.111253 4.13485
100 1 29 45.61 0.710555 -0.115433 0.38519 0.424262 4.00627
100 1 30 45.57 0.677006 0.109612 1.17178 0.0145077 4.05826
100 1 31 45.72 0.683471 -0.340478 1.16815 -0.320872 4.079
100 1 32 45.39 0.69788 1.94253 1.07258 -0.0392999 3.9926
100 1 33 45.57 0.650696 1.30319 0.981228 1.61495 4.26432
100 1 34 45.96 0.637676 0.624849 1.72183 0.0665554 4.08669
100 1 35 45.94 0.69383 -0.346092 0.342723 -0.0537005 3.89507
100 1 36 45.6 0.730896 1.1582 2.76936 -0.139236 3.95528
100 1 37 45.56 0.724247 0.432177 2.11388 -0.127962 3.92358
100 1 38 45.34 0.699513 0.435526 1.06466 -0.215171 4.06709
100 1 39 45.37 0.738216 0.319237 1.29071 -0.231335 3.81571
100 1 40 45.37 0.758943 0.552261 1.50172 0.617114 3.92709
100 1 41 45.5 0.729105 1.10048 1.19954 1.22206 4.01984
100 1 42 45.74 0.725267 1.06916 1.70302 0.292831 3.92973
100 1 43 45.54 0.648918 1.17486 1.91371 0.976128 4.08098
100 1 44 45.74 0.752677 1.77316 0.711145 0.486704 3.71905
100 1 45 45.51 0.706745 1.17108 0.158094 -0.544897 3.90227
100 1 46 45.51 0.710691 0.651123 1.21061 1.0741 3.89003
100 1 47 45.62 0.718761 1.3772 1.30286 0.488792 3.86757
100 1 48 45.4 0.726251 0.817077 1.06014 0.0260943 3.90155
100 1 49 45.47 0.733675 0.494497 1.99972 -0.148179 3.79647
