100 0 0 89.9 0.642292 1.19327 2.39299 0.569173 4.84946
100 0 1 90.16 0.705262 0.798829 1.80366 0.0134509 4.40839
100 0 2 88.98 0.720341 0.823085 1.4098 0.734521 4.91385
100 0 3 86.61 0.595288 1.53335 2.98123 1.54129 6.50617
100 0 4 92.05 0.633178 0.637887 2.00958 -0.57661 3.99761
100 0 5 91.06 0.645253 1.33192 1.27531 -0.0650498 4.64315
100 0 6 89.86 0.63573 0.522792 2.18446 1.00181 5.14968
100 0 7 89.05 0.648638 0.765589 2.0043 0.666481 4.7012
100 0 8 89.67 0.558322 0.422489 1.88535 0.458827 5.47923
100 0 9 89.97 0.713427 1.66993 2.06719 0.596034 4.60932
100 0 10 91 0.616494 -0.0923905 1.25873 -2.31362 4.91365
100 0 11 88.06 0.742484 1.61733 0.427232 -0.568089 4.95617
100 0 12 88.53 0.663739 1.00884 0.793991 -1.45792 5.36946
100 0 13 90.21 0.660453 0.797989 1.25939 -2.17469 4.75729
100 0 14 89.8 0.628772 0.904211 1.91296 -0.529204 4.56556
100 0 15 90.23 0.736755 0.0455837 1.50881 -1.40225 4.61671
100 0 16 90.86 0.635838 1.47073 1.67259 -2.19506 4.14384
100 0 17 89.78 0.580135 -0.81542 1.05571 -1.8363 4.99179
100 0 18 89.03 0.723648 0.834075 1.07535 -0.617427 4.60646
100 0 19 89.48 0.615065 -0.412029 2.48582 -0.780052 4.69605
100 0 20 89.22 0.634366 -0.315284 2.42231 -0.506463 4.63914
100 0 21 87.76 0.633764 -0.274376 1.87944 1.65501 5.28078
100 0 22 91.02 0.690469 -0.716323 2.25306 -0.335512 4.37344
100 0 23 89.78 0.691543 0.850742 -0.208178 0.790499 5.30305
100 0 24 90.74 0.646172 0.557495 1.38685 0.76543 4.19107
100 0 25 90.03 0.594792 1.07446 2.0221 -0.794616 4.88225
100 0 26 91.23 0.634213 0.469025 1.903 -0.080142 4.36605
100 0 27 90.69 0.677326 -0.0797992 0.245168 -0.275303 4.53723
100 0 28 87.44 0.666374 -0.174622 1.55936 0.328678 5.70548
100 0 29 91.36 0.691113 0.954675 1.50248 -1.70596 4.16017
100 0 30 89.34 0.681668 0.241383 1.25291 -1.28065 4.72045
100 0 31 91.35 0.61086 1.26327 2.55893 0.66897 4.46166
100 0 32 88.82 0.68534 -0.634677 2.68138 0.929821 5.39001
100 0 33 90.58 0.703789 0.160503 1.22038 -0.770402 4.43551
100 0 34 89.41 0.626717 1.98933 2.90249 -2.12936 5.45764
100 0 35 89.19 0.655509 1.4273 2.34887 1.27018 4.75448
100 0 36 86.99 0.728125 1.10264 1.30318 2.00374 5.67523
100 0 37 87.44 0.596514 0.868167 1.58715 0.590159 5.74724
100 0 38 88.9 0.633991 2.06189 1.44277 0.722744 5.32717
100 0 39 90.04 0.646771 0.751238 2.08932 -0.234783 5.20646
100 0 40 88.32 0.670863 -0.289585 1.16236 1.26571 5.3569
100 0 41 87.75 0.652627 4.65937e-05 2.71757 1.20747 5.83681
100 0 42 89.71 0.658857 -0.927709 1.22465 -0.0368082 5.10506
100 0 43 86.91 0.708847 0.221896 1.6081 0.193806 5.64932
100 0 44 88.7 0.679741 0.548924 1.09552 1.06769 5.27677
100 0 45 90.42 0.683234 0.775664 2.04128 -1.93959 4.34105
100 0 46 89.46 0.648297 0.213445 2.25457 -0.656111 4.46704
100 0 47 88.86 0.692585 0.122661 0.443584 1.20011 4.80115
100 0 48 90.9 0.64033 1.61603 0.375398 0.394525 4.41335
100 0 49 90.39 0.612957 1.18894 0.622017 -1.03711 4.30466
100 0.1 0 82.75 0.689193 1.15006 2.29304 -0.719801 4.83186
100 0.1 1 82.44 0.584335 0.408613 1.37488 -0.232019 5.65249
100 0.1 2 83.36 0.67454 0.995316 1.56348 0.193497 4.48464
100 0.1 3 83.84 0.574232 0.109279 1.15925 -0.0539973 4.67624
100 0.1 4 83.96 0.653843 0.326299 0.569342 -0.652986 4.33259
100 0.1 5 82.72 0.670305 0.952798 2.5964 -0.464164 4.55562
100 0.1 6 82.97 0.635345 0.44876 1.49365 -0.414366 4.73859
100 0.1 7 82.02 0.626446 0.690943 1.85906 -1.09664 5.05637
100 0.1 8 82.83 0.599788 0.934576 2.14554 1.30067 4.99418
100 0.1 9 82.65 0.629685 1.07677 1.39566 -0.890207 4.92994
100 0.1 10 81.47 0.589994 0.967449 2.46406 0.834803 6.20743
100 0.1 11 82.29 0.645273 0.88667 2.28724 0.96197 5.43335
100 0.1 12 83.48 0.62979 0.825262 1.9324 0.196796 4.26879
100 0.1 13 81.62 0.704459 0.515675 2.1474 0.480799 5.27132
100 0.1 14 81.8 0.702609 1.02599 1.91907 0.52774 5.73183
100 0.1 15 82.1 0.65775 1.42247 2.47646 -1.12168 5.30079
100 0.1 16 81.06 0.672029 0.990203 2.15366 1.02594 5.85378
100 0.1 17 81.14 0.587676 -0.0388441 0.513762 1.3972 6.15154
100 0.1 18 81.09 0.727055 0.528944 1.77534 0.177486 5.48721
100 0.1 19 80.24 0.727533 -0.549519 2.19589 0.354063 5.61558
100 0.1 20 81.91 0.565337 0.589189 2.35289 -0.547018 6.27309
100 0.1 21 82.04 0.635775 1.1012 0.816302 0.236417 5.49979
100 0.1 22 82.05 0.614148 0.148664 2.12935 -1.46004 5.5875
100 0.1 23 81.19 0.652053 0.828074 1.04346 0.205479 6.10752
100 0.1 24 82.87 0.723923 0.0187483 0.650778 -1.56571 4.37368
100 0.1 25 81.93 0.626692 1.34842 2.17582 0.3501 5.95441
100 0.1 26 81.54 0.611555 1.80754 1.88863 0.980698 6.15536
100 0.1 27 79.81 0.621839 0.962443 1.21497 1.33719 6.18379
100 0.1 28 83.32 0.654108 0.561194 0.925429 -0.96935 4.73675
100 0.1 29 83.28 0.623786 1.62099 2.31599 -0.373743 5.26928
100 0.1 30 82.63 0.596223 1.35639 2.3314 2.01162 5.26758
100 0.1 31 81.48 0.631647 1.61798 3.46912 0.708023 6.41551
100 0.1 32 82.71 0.644762 0.180975 1.25484 -0.921521 5.12303
100 0.1 33 82.07 0.66895 1.20234 1.82956 1.07774 5.36157
100 0.1 34 82.27 0.660266 0.605159 2.094 -0.495562 5.17786
100 0.1 35 81.31 0.722453 0.0545459 0.82783 0.746725 5.04025
100 0.1 36 83.37 0.634954 1.9154 1.81213 0.682226 4.69919
100 0.1 37 82.85 0.645895 0.154216 2.56172 1.23479 5.18038
100 0.1 38 80.23 0.622642 1.09119 2.43387 0.411387 6.16657
100 0.1 39 80.9 0.665863 1.07663 0.31907 1.46371 6.17118
100 0.1 40 84.59 0.593235 0.636376 2.22668 -1.42919 4.69831
100 0.1 41 84.8 0.664889 0.777631 1.70353 -0.879138 3.66619
100 0.1 42 82.71 0.576741 1.31677 2.26357 -0.321797 5.13587
100 0.1 43 82.72 0.61778 0.537281 2.26126 0.531242 5.16346
100 0.1 44 82.25 0.665118 1.59207 1.27753 -0.217654 4.95609
100 0.1 45 82.01 0.681546 0.593912 2.43393 1.14849 5.46489
100 0.1 46 83 0.627973 0.597048 2.15587 -0.404832 5.11138
100 0.1 47 82.97 0.726339 0.604645 2.30396 -0.547223 4.61737
100 0.1 48 81.98 0.694743 1.13499 2.32675 1.09974 5.59102
100 0.1 49 82.53 0.617201 0.427404 0.468849 -0.641186 5.40433
100 0.2 0 75.11 0.625647 0.380188 2.42353 1.20428 6.59058
100 0.2 1 75.58 0.686212 0.637172 2.53912 0.108687 5.43884
100 0.2 2 76.91 0.646924 0.357115 2.33673 0.82974 5.15953
100 0.2 3 76.93 0.588127 -1.00533 1.91461 -0.387047 5.57482
100 0.2 4 76.47 0.622102 0.899763 1.36151 0.363471 5.04226
100 0.2 5 75.9 0.607551 0.869415 2.80091 1.08618 6.17855
100 0.2 6 75.19 0.641986 -0.0170694 1.09178 1.77844 5.8496
100 0.2 7 77.11 0.665304 -0.636587 2.34133 0.372172 5.08038
100 0.2 8 74.91 0.652242 1.38368 2.5931 0.719822 6.07463
100 0.2 9 75.63 0.651459 -0.0264472 3.25331 0.591236 5.78895
100 0.2 10 75.52 0.704476 1.76473 2.41823 0.191647 5.52173
100 0.2 11 76 0.656515 1.42787 1.8815 0.807595 5.65835
100 0.2 12 75.2 0.611443 0.0165569 3.09679 0.438567 6.52856
100 0.2 13 76.28 0.723604 1.11255 2.58566 1.1959 4.90463
100 0.2 14 76.06 0.656905 0.859784 1.37533 -0.0264666 5.37588
100 0.2 15 76.71 0.640094 0.372459 1.20349 -0.822665 4.89322
100 0.2 16 75.95 0.676215 -0.309957 1.78891 0.0800453 5.71813
100 0.2 17 76.1 0.668076 1.12315 2.21707 -1.38027 5.4203
100 0.2 18 75.19 0.638717 1.26716 1.43118 1.13954 6.23164
100 0.2 19 76.45 0.67882 1.14407 2.67004 0.154952 5.04984
100 0.2 20 75.73 0.604248 0.741717 1.18882 1.01092 5.90367
100 0.2 21 75.47 0.625192 1.2054 2.96788 0.580248 5.84648
100 0.2 22 77.33 0.596891 0.917436 1.36183 -0.845561 4.73374
100 0.2 23 74.39 0.657242 1.2986 2.20215 1.64515 6.30574
100 0.2 24 74.87 0.66686 -0.0408309 1.20951 0.0453957 5.69224
100 0.2 25 76.59 0.58754 0.669425 1.32465 0.124833 5.73498
100 0.2 26 76.19 0.676519 1.15051 1.41368 -0.633204 4.60876
100 0.2 27 77.74 0.618134 0.361811 2.4404 -0.945011 4.85434
100 0.2 28 76.82 0.647187 0.717123 1.71929 0.154598 4.77519
100 0.2 29 77.15 0.686422 0.580033 2.09899 -0.601095 4.84111
100 0.2 30 77.29 0.678406 -0.759968 1.76761 -0.500875 5.02147
100 0.2 31 77.28 0.631073 0.921175 1.08125 -0.333643 4.86206
100 0.2 32 77.71 0.573874 1.34332 1.24454 0.317899 5.10665
100 0.2 33 75.18 0.656603 2.38772 1.80597 1.12247 6.12058
100 0.2 34 77.14 0.619606 -0.010889 2.59561 1.16586 5.2328
100 0.2 35 75.68 0.5839 1.42832 2.45233 -0.673451 6.14318
100 0.2 36 75.01 0.639373 0.869463 2.08284 1.80361 6.02806
100 0.2 37 73.29 0.637949 1.05967 3.52019 2.04565 7.06743
100 0.2 38 76.46 0.67152 1.57169 1.2566 1.49336 5.31655
100 0.2 39 77.1 0.671266 1.3962 1.85505 0.754918 4.6338
100 0.2 40 76.72 0.676852 0.509514 1.75621 0.0257542 4.54416
100 0.2 41 76.95 0.615891 1.194 1.27682 -0.325639 5.54092
100 0.2 42 77.73 0.621329 -0.283617 1.99252 -1.31218 4.40372
100 0.2 43 75.05 0.691695 0.755041 1.09141 1.64863 6.00842
100 0.2 44 77.5 0.589761 1.34432 2.5681 -0.0677043 4.83828
100 0.2 45 76.11 0.609318 0.779832 2.0038 -0.103383 5.45444
100 0.2 46 77.7 0.591132 1.0607 2.358 0.278512 4.88489
100 0.2 47 76.6 0.645983 1.68589 2.52778 -0.847814 4.89667
100 0.2 48 77.23 0.6527 0.306242 1.94214 0.385219 4.73382
100 0.2 49 77.31 0.645104 1.76719 2.4732 0.549755 4.81403
100 0.3 0 68.25 0.701788 0.110481 2.84088 1.70095 6.53819
100 0.3 1 71.31 0.690655 1.61831 1.96564 -0.102326 4.62812
100 0.3 2 70.04 0.654149 0.725969 1.2211 0.674578 5.72008
100 0.3 3 71.06 0.630787 0.855872 2.41202 1.29359 5.60118
100 0.3 4 70.77 0.641567 0.75291 2.95662 0.673567 5.59506
100 0.3 5 70.19 0.655371 1.54538 1.70279 0.606983 5.89661
100 0.3 6 71.23 0.707692 0.794357 2.85632 0.542208 4.94256
100 0.3 7 71.04 0.639953 1.33329 1.98517 0.670521 5.46332
100 0.3 8 70.89 0.67001 1.73625 1.80929 0.630513 5.13826
100 0.3 9 70.09 0.707516 1.49453 1.88275 1.16095 5.7308
100 0.3 10 71.71 0.622125 0.557071 1.13799 0.837432 4.93231
100 0.3 11 71.93 0.664244 0.962641 1.04476 0.552511 4.6377
100 0.3 12 70.57 0.560202 0.984243 2.37286 2.87867 6.44267
100 0.3 13 70.54 0.673714 0.508619 1.22014 0.278398 5.40783
100 0.3 14 71.49 0.631329 1.5274 1.45316 0.637015 5.37203
100 0.3 15 70.99 0.589863 0.490592 2.75438 0.932233 5.66135
100 0.3 16 71.74 0.672448 0.971765 1.32202 0.706219 4.97325
100 0.3 17 71.9 0.664518 0.882177 1.84601 -0.191969 4.86287
100 0.3 18 71.94 0.671821 0.712193 2.70314 1.21135 5.09298
100 0.3 19 70.12 0.66633 0.476813 2.55696 0.226745 5.7922
100 0.3 20 71.42 0.629867 0.131321 1.5011 0.152089 5.05815
100 0.3 21 71.33 0.734043 0.658956 3.25336 0.273593 4.61011
100 0.3 22 71.55 0.645648 1.08553 2.18796 0.502186 5.2354
100 0.3 23 71.27 0.695555 0.635112 2.21477 0.512152 4.89333
100 0.3 24 71.09 0.71227 0.934527 2.13266 1.37825 5.03706
100 0.3 25 69.94 0.72762 0.905216 2.94632 1.99648 5.24299
100 0.3 26 70.82 0.571146 0.697591 2.36819 -0.108945 6.40852
100 0.3 27 72.7 0.591526 0.947968 2.66391 -0.584979 4.80675
100 0.3 28 70.95 0.646892 -0.00110739 1.523 0.82148 5.60376
100 0.3 29 69.34 0.617558 0.298655 1.77341 0.858146 6.01102
100 0.3 30 71.11 0.654441 1.11174 2.35368 0.693945 4.89706
100 0.3 31 71.34 0.737079 1.2511 1.80905 0.490588 5.02828
100 0.3 32 71.23 0.639343 0.357019 1.97716 1.1449 5.53075
100 0.3 33 71.81 0.669295 0.717279 2.41519 0.656313 4.94831
100 0.3 34 70.06 0.65487 1.49219 2.82775 1.06739 5.93936
100 0.3 35 72.14 0.643092 0.902421 2.00635 1.72348 5.11215
100 0.3 36 70.54 0.666018 0.232291 1.70896 1.63184 5.52176
100 0.3 37 71.26 0.644202 0.654051 2.73096 -0.304103 5.10644
100 0.3 38 71.31 0.670293 -0.227415 2.07525 0.726659 4.80406
100 0.3 39 72 0.66187 0.737954 2.08645 0.300272 4.66833
100 0.3 40 69.79 0.689286 1.21803 2.24276 0.456211 5.48694
100 0.3 41 71.18 0.705314 0.578048 3.1186 1.06996 5.35115
100 0.3 42 69.84 0.660403 0.0877278 1.17995 0.644811 5.7049
100 0.3 43 71.11 0.606357 1.6042 3.08712 -1.31326 5.76974
100 0.3 44 71.8 0.656248 0.425936 0.543582 0.784774 4.99029
100 0.3 45 70.11 0.635281 1.62181 2.67328 0.828351 5.76037
100 0.3 46 71.6 0.654473 -0.0954005 1.68293 -0.0990804 4.62699
100 0.3 47 71.14 0.641585 -0.215726 1.29191 -0.343676 5.23579
100 0.3 48 71.45 0.707773 0.742831 1.78301 0.841558 4.75548
100 0.3 49 70.52 0.639628 0.184418 2.28603 2.34658 6.19307
100 0.4 0 65.74 0.59482 -0.2206 2.02825 0.511638 5.13318
100 0.4 1 66.07 0.663655 0.00744626 1.0791 1.73374 4.98926
100 0.4 2 65.24 0.721361 -0.969899 2.34466 0.524948 5.21032
100 0.4 3 66.94 0.580085 0.52666 2.88204 0.825963 5.47566
100 0.4 4 66.06 0.649308 -0.0178887 1.47497 0.535782 5.2575
100 0.4 5 66 0.68564 0.272291 1.73083 0.500394 5.39015
100 0.4 6 66.87 0.666365 1.06553 2.10979 1.24804 4.66399
100 0.4 7 64.1 0.702748 0.724553 1.71881 1.3905 5.55964
100 0.4 8 65.96 0.677663 1.6263 2.68691 1.91167 5.26297
100 0.4 9 66.68 0.605546 0.817724 1.95417 0.249112 5.29617
100 0.4 10 67.08 0.685373 -0.611484 1.5141 0.831071 5.02219
100 0.4 11 65.77 0.687966 0.490514 2.02578 1.60429 5.60107
100 0.4 12 65.63 0.71694 0.291375 3.29641 0.298407 5.32103
100 0.4 13 65.43 0.734189 0.749058 2.73667 1.60427 4.81399
100 0.4 14 65.96 0.643891 0.423024 2.41747 0.221936 5.18664
100 0.4 15 66.15 0.676486 0.709027 2.23524 2.21106 4.90773
100 0.4 16 66.89 0.688646 0.312518 2.13912 1.83294 4.71648
100 0.4 17 66.72 0.621857 0.783915 1.88451 0.856254 4.75926
100 0.4 18 66.61 0.618343 1.58712 3.44302 1.83922 5.46759
100 0.4 19 66.59 0.655648 1.25549 1.70659 0.00866948 4.65451
100 0.4 20 66.67 0.577863 1.88223 0.73165 1.38816 5.41494
100 0.4 21 65.94 0.668032 0.313154 0.925269 1.83019 5.49977
100 0.4 22 65.06 0.646012 1.88484 2.93312 0.866657 6.03069
100 0.4 23 65.41 0.619332 0.896472 2.31829 1.51389 5.86843
100 0.4 24 65.48 0.614416 -0.0801311 2.50823 1.51911 5.625
100 0.4 25 66.31 0.661395 1.21956 1.98398 -0.025655 5.44819
100 0.4 26 66.05 0.664516 0.920429 2.01474 1.12151 4.72231
100 0.4 27 65.2 0.681506 -0.185768 2.9775 1.40492 5.54561
100 0.4 28 65.72 0.658114 0.28083 2.20988 0.53272 5.57499
100 0.4 29 65.91 0.653978 0.381827 1.95088 1.54766 5.61776
100 0.4 30 66.1 0.638988 0.861475 2.34741 0.0654991 5.22726
100 0.4 31 66.2 0.66119 0.82324 1.49832 1.67998 5.19772
100 0.4 32 66.61 0.632981 0.735513 1.35341 1.07899 5.36027
100 0.4 33 65.66 0.622502 1.91966 1.39395 0.797544 5.13777
100 0.4 34 65.7 0.630081 0.851389 1.05644 1.32796 5.62126
100 0.4 35 66.68 0.632253 0.000940007 2.58087 0.710926 4.67214
100 0.4 36 65.8 0.689373 -0.108063 2.05352 1.67407 5.06847
100 0.4 37 66.92 0.619443 0.265203 1.47299 0.448524 4.93672
100 0.4 38 65.18 0.638085 1.21001 2.66089 1.34236 5.92692
100 0.4 39 66.12 0.6691 0.848327 0.947548 0.616165 5.2403
100 0.4 40 65.19 0.612517 0.221453 2.93763 1.12594 5.65371
100 0.4 41 65.9 0.658491 0.697305 2.78449 1.66507 5.42114
100 0.4 42 66.28 0.669663 0.865995 3.14739 0.180495 4.94347
100 0.4 43 65.57 0.683183 1.00484 2.86851 0.949454 5.25318
100 0.4 44 66.61 0.613891 0.656649 2.12805 1.01671 5.5962
100 0.4 45 66.26 0.710462 0.326821 2.34273 -0.250032 4.75364
100 0.4 46 66.68 0.655621 0.823895 2.19561 0.728683 5.06796
100 0.4 47 67.08 0.677508 0.738771 1.40029 0.654089 4.40876
100 0.4 48 67.98 0.653178 -0.0755083 1.01878 0.617137 4.18771
100 0.4 49 66.56 0.631692 -0.320286 1.51965 1.00617 4.85905
100 0.5 0 62.25 0.6437 0.236415 1.82614 1.28946 5.16321
100 0.5 1 62.08 0.714026 1.52523 2.39659 0.708028 4.85644
100 0.5 2 61.43 0.640406 -0.434565 1.74746 0.634908 5.29425
100 0.5 3 62.31 0.690698 1.10466 2.85635 1.02651 4.51346
100 0.5 4 62.38 0.616755 1.19349 2.94495 1.81312 5.32373
100 0.5 5 61.9 0.619448 0.147308 3.69177 1.21061 5.08086
100 0.5 6 62.01 0.65531 -0.019068 1.67501 0.871988 4.86925
100 0.5 7 61.54 0.677644 0.690136 2.228 0.341276 5.37184
100 0.5 8 61.48 0.697441 1.52577 2.24609 1.31452 4.84179
100 0.5 9 61.53 0.709073 0.702931 1.33659 0.821014 4.86081
100 0.5 10 61.36 0.647649 0.894374 0.936527 0.94426 5.48651
100 0.5 11 61.92 0.627414 1.91689 1.611 0.601993 4.84541
100 0.5 12 61.68 0.642787 1.11985 2.86169 1.47506 5.20019
100 0.5 13 61.94 0.697975 0.520702 2.62928 1.06197 4.69463
100 0.5 14 62.32 0.663777 0.745637 3.1517 1.60189 4.7439
100 0.5 15 61.82 0.704766 0.18315 2.23335 1.63909 4.93583
100 0.5 16 62.19 0.65455 1.91554 1.49793 0.175599 4.5112
100 0.5 17 62.2 0.711692 0.447272 2.18483 0.884722 4.95674
100 0.5 18 61.39 0.672737 0.458771 2.17692 -0.0660421 4.83851
100 0.5 19 62.01 0.650381 1.86678 1.47904 0.706256 5.0748
100 0.5 20 60.95 0.683101 0.674403 0.998677 0.768329 5.31705
100 0.5 21 62.25 0.652864 1.30066 1.05832 1.07457 4.55959
100 0.5 22 61.68 0.613861 -0.0478279 2.48603 0.934801 5.63614
100 0.5 23 60.66 0.647181 0.551311 2.42099 0.81819 5.87693
100 0.5 24 62.15 0.69 1.87414 1.90173 2.30597 4.93493
100 0.5 25 61.31 0.674691 0.711183 1.56693 0.960403 5.15867
100 0.5 26 61.82 0.659021 0.571528 2.09577 -0.299859 4.68653
100 0.5 27 61.72 0.692593 -0.527974 1.86523 0.403859 4.59346
100 0.5 28 61.05 0.678218 -0.272194 1.3576 0.860318 5.34671
100 0.5 29 61.72 0.667998 0.627661 1.77504 1.48806 4.6039
100 0.5 30 62.31 0.660194 1.83564 2.00111 1.03727 4.68141
100 0.5 31 61.67 0.570833 0.111855 1.71709 -0.547507 5.56724
100 0.5 32 61.52 0.671048 0.0720748 1.88394 1.72638 5.06032
100 0.5 33 60.54 0.564524 1.04357 1.98171 -0.241445 5.91229
100 0.5 34 61.52 0.661666 0.268231 2.35756 1.80397 5.45792
100 0.5 35 62.3 0.653822 0.590319 2.19794 0.400572 4.77033
100 0.5 36 61.3 0.659917 0.156481 3.52468 0.760251 5.41142
100 0.5 37 61.77 0.694722 1.27081 1.24627 0.860372 4.65079
100 0.5 38 61.46 0.660561 0.464383 1.09789 0.412276 4.74667
100 0.5 39 60.71 0.656076 0.68702 2.33204 1.05063 5.35493
100 0.5 40 62.22 0.597552 0.228113 2.90335 0.693633 5.15582
100 0.5 41 62.31 0.657949 1.02077 2.51395 0.872452 4.63748
100 0.5 42 61.82 0.614824 0.0441493 2.35213 1.67046 5.41925
100 0.5 43 61.62 0.650252 1.44338 2.4311 1.23024 5.35153
100 0.5 44 61.88 0.62828 1.02198 1.92976 1.64736 5.25224
100 0.5 45 62.03 0.697546 0.553626 1.83289 0.617489 4.90801
100 0.5 46 62.08 0.664109 -0.17281 2.10903 1.46022 5.42946
100 0.5 47 61.24 0.634634 -0.121163 2.10674 1.68423 5.62975
100 0.5 48 61.81 0.634487 0.188105 2.654 0.647215 5.3577
100 0.5 49 61.93 0.652923 0.959976 1.86356 0.966519 5.36536
100 0.6 0 57.69 0.660682 0.988621 1.96214 1.19813 4.78176
100 0.6 1 57.59 0.65818 1.55988 2.00864 0.685524 4.83575
100 0.6 2 57.83 0.670381 0.961694 1.32449 0.792664 4.6862
100 0.6 3 57.57 0.694439 0.387891 1.76631 0.606358 4.5497
100 0.6 4 57.19 0.726639 0.146158 2.12094 0.110196 4.51034
100 0.6 5 58 0.668203 0.463762 2.99263 1.93989 4.89476
100 0.6 6 57.52 0.651883 1.08089 1.15886 0.29099 5.11858
100 0.6 7 57.62 0.636352 -0.37642 2.19448 0.653168 5.11188
100 0.6 8 56.65 0.630441 0.481634 1.40673 0.657117 5.35837
100 0.6 9 58.16 0.645659 -0.221245 2.91911 -0.0945193 4.8193
100 0.6 10 58.59 0.594007 -0.329102 1.76802 0.834129 4.72314
100 0.6 11 57.1 0.638574 1.43662 1.77453 0.283361 5.0141
100 0.6 12 57.27 0.672311 0.45835 1.88075 0.843886 5.08919
100 0.6 13 57.75 0.622256 0.926678 2.95613 -0.255278 5.15682
100 0.6 14 58.01 0.647667 0.410834 2.01364 0.227362 4.60253
100 0.6 15 57.49 0.674696 1.11493 2.77783 0.393646 5.18478
100 0.6 16 57.63 0.659783 -0.206757 2.35998 1.19046 4.70796
100 0.6 17 57.76 0.678922 -0.464009 1.46857 1.43895 4.91091
100 0.6 18 57.53 0.577003 -0.1249 0.687857 0.809692 5.43639
100 0.6 19 57.89 0.626194 1.29166 3.67445 0.512166 5.07025
100 0.6 20 57.28 0.662922 -0.0271132 1.43799 1.29798 5.01063
100 0.6 21 57.11 0.669612 1.33591 1.97629 1.35807 5.06784
100 0.6 22 57.98 0.647361 1.39371 2.59628 1.51662 5.20626
100 0.6 23 56.96 0.690887 1.08657 2.42557 1.17351 4.70921
100 0.6 24 57.59 0.621483 0.0489335 2.56546 0.78423 5.1983
100 0.6 25 57.53 0.688827 0.781436 2.22053 1.06651 4.74109
100 0.6 26 58.03 0.640091 1.19968 1.48394 1.49465 4.7546
100 0.6 27 58.08 0.623713 0.429057 1.41205 0.460368 5.01303
100 0.6 28 57.5 0.645186 0.894792 1.53502 0.0958937 4.85608
100 0.6 29 56.97 0.667617 0.882572 2.46507 1.20564 5.05759
100 0.6 30 57.74 0.697823 0.59269 2.0341 0.33726 4.72749
100 0.6 31 57.1 0.651464 0.22769 2.50277 1.53982 5.13956
100 0.6 32 57.65 0.670688 1.29848 1.42446 0.762965 4.60161
100 0.6 33 57.55 0.646088 2.35899 2.43847 0.909767 5.2651
100 0.6 34 57.25 0.627957 1.03395 1.89172 1.45158 5.00552
100 0.6 35 57.45 0.724816 0.103441 1.91013 0.440632 4.82757
100 0.6 36 57.56 0.727444 1.46031 1.95897 1.4399 4.48768
100 0.6 37 58.08 0.662366 0.814171 2.01624 1.31687 4.53521
100 0.6 38 57.81 0.663398 0.595683 2.12542 1.44418 4.81116
100 0.6 39 57.69 0.686373 1.91927 0.722563 0.903384 4.73154
100 0.6 40 57.72 0.72483 0.449558 1.73705 0.0888056 4.81913
100 0.6 41 57.7 0.653785 1.40772 2.67871 0.890068 4.91194
100 0.6 42 58.42 0.646819 -0.0518304 2.47981 0.868053 4.51713
100 0.6 43 57.77 0.64254 0.882812 1.46966 0.228825 4.91956
100 0.6 44 57.68 0.619786 0.947442 1.77185 0.28767 5.12715
100 0.6 45 57.99 0.641493 1.89925 2.96354 0.158321 5.04498
100 0.6 46 56.93 0.655166 1.23399 2.02119 1.01254 5.27505
100 0.6 47 58.32 0.687217 0.250657 2.44982 0.273367 4.6142
100 0.6 48 57.55 0.711162 1.06153 2.2481 0.655214 4.59184
100 0.6 49 57.96 0.661088 2.26976 2.24733 -0.31759 5.04214
100 0.7 0 53.98 0.622004 0.0541216 1.4626 -0.299284 5.05794
100 0.7 1 53.41 0.61236 0.325114 1.08904 1.21143 4.8602
100 0.7 2 53.91 0.620174 0.369089 1.74575 -0.496177 4.63198
100 0.7 3 54.28 0.68501 0.773919 1.75961 0.115829 4.81682
100 0.7 4 53.77 0.651752 0.0803219 1.4949 1.87977 4.68577
100 0.7 5 53.87 0.637646 1.49243 2.60517 1.18576 4.59742
100 0.7 6 53.65 0.605265 0.0403823 2.2749 0.483846 4.84356
100 0.7 7 54.25 0.678343 0.361504 1.9389 1.33144 4.39836
100 0.7 8 53.79 0.710113 1.51917 2.88749 0.177885 4.44388
100 0.7 9 54.85 0.65044 0.965748 2.3425 0.263474 4.25163
100 0.7 10 53.52 0.628072 0.484183 2.86274 0.374561 4.98124
100 0.7 11 53.05 0.721752 1.51607 0.916889 1.77884 4.54932
100 0.7 12 53.32 0.649057 0.997834 1.75104 0.0542767 4.75819
100 0.7 13 53.94 0.667951 -0.204841 1.69877 0.992502 4.55441
100 0.7 14 53.13 0.672442 0.743469 2.00413 1.92006 4.73178
100 0.7 15 54.22 0.65806 -0.716755 2.47149 1.94211 4.71304
100 0.7 16 53.94 0.630782 0.807265 1.47163 -1.0455 4.78651
100 0.7 17 54.02 0.676297 0.33799 1.77651 -0.0373716 4.7069
100 0.7 18 53.69 0.626989 1.10659 1.90644 0.803516 4.81628
100 0.7 19 53.78 0.624746 1.16476 1.46204 1.41021 4.57591
100 0.7 20 54.1 0.631575 0.590032 0.154637 0.535105 4.64627
100 0.7 21 53.83 0.686497 -0.15514 0.409746 0.134343 4.18798
100 0.7 22 54.34 0.637222 0.806061 1.15627 -0.104459 4.46568
100 0.7 23 53.74 0.654111 -0.737442 2.36322 0.659608 5.32821
100 0.7 24 53.82 0.680887 0.609965 0.752613 0.530421 4.69821
100 0.7 25 53.71 0.655882 0.284978 2.31644 -0.0865801 4.47963
100 0.7 26 53.69 0.706839 0.562351 2.23678 0.58641 4.65859
100 0.7 27 54.56 0.650529 1.46695 2.65683 0.768986 4.33618
100 0.7 28 53.75 0.638947 1.16829 1.83826 0.783905 4.7234
100 0.7 29 54.1 0.671205 1.14703 1.08623 1.14517 4.4006
100 0.7 30 53.39 0.630697 -0.264051 1.54708 -0.291209 5.10653
100 0.7 31 54.53 0.634587 0.0979466 2.87228 1.10616 4.69702
100 0.7 32 54.04 0.63908 0.869605 1.35201 0.286883 4.67498
100 0.7 33 54.05 0.685039 0.974382 1.0901 -0.322661 4.69666
100 0.7 34 53.55 0.628798 0.641058 2.60599 0.0855433 4.98531
100 0.7 35 53.92 0.688335 -0.152515 1.44915 0.0940209 4.33903
100 0.7 36 53 0.621061 1.09075 1.20072 0.779726 4.74876
100 0.7 37 53.86 0.666805 0.163944 1.30123 2.08436 4.64188
100 0.7 38 53.76 0.66218 1.01392 2.2756 0.317384 4.6681
100 0.7 39 53.18 0.701722 1.21099 2.18783 0.621547 4.98417
100 0.7 40 53.51 0.655372 0.272443 2.42951 1.15517 4.5418
100 0.7 41 53.98 0.663608 0.722656 2.01455 1.43931 4.42824
100 0.7 42 53.36 0.685747 0.5495 2.84252 1.97935 4.86666
100 0.7 43 53.95 0.603048 2.05191 2.45586 0.789264 5.0646
100 0.7 44 53.91 0.63943 1.60328 1.17753 0.594965 4.66622
100 0.7 45 53.84 0.649826 1.44575 1.47979 1.79514 4.55784
100 0.7 46 54.15 0.644025 0.627432 1.57764 -0.183093 5.04971
100 0.7 47 54.16 0.649647 0.551198 1.63299 0.752943 4.48734
100 0.7 48 53.9 0.614359 0.337316 2.47789 0.116849 4.86384
100 0.7 49 52.42 0.62845 0.0771133 1.62318 0.340605 5.51255
100 0.8 0 50.64 0.677366 1.14653 2.44989 -0.420883 4.1612
100 0.8 1 50.4 0.712511 0.867513 2.787 0.520991 4.09889
100 0.8 2 50.88 0.695918 0.88967 1.51061 0.243754 4.1329
100 0.8 3 50.81 0.668043 1.386 2.04777 0.449458 4.43306
100 0.8 4 50.66 0.626819 -0.665036 1.18166 0.75726 4.13909
100 0.8 5 50.43 0.672751 -0.398968 1.04647 0.465818 4.00104
100 0.8 6 50.68 0.685265 1.11814 1.69695 1.20441 4.11905
100 0.8 7 50.46 0.675293 0.889598 2.07712 0.0700608 4.25327
100 0.8 8 50.34 0.630004 1.35957 1.41097 0.280911 4.57221
100 0.8 9 50.88 0.620828 1.12208 0.16444 1.55095 4.32287
100 0.8 10 50.05 0.702772 -0.727564 2.4296 -0.400487 4.38808
100 0.8 11 50.27 0.696213 0.174962 0.651697 0.828505 4.09866
100 0.8 12 50.63 0.619226 0.452798 0.736476 1.60133 4.39977
100 0.8 13 50.54 0.63025 -1.00718 1.43846 1.77873 4.64994
100 0.8 14 50.34 0.689935 0.94926 1.59507 0.715911 4.4798
100 0.8 15 49.97 0.679282 1.14236 2.23013 1.73532 4.13956
100 0.8 16 50.17 0.676219 1.74687 1.23702 1.13805 4.17758
100 0.8 17 50.5 0.682156 1.55733 1.07785 0.377496 4.47871
100 0.8 18 50.1 0.705603 1.29126 1.92928 0.970478 4.22651
100 0.8 19 50.41 0.71967 0.599999 1.58832 0.702151 4.17188
100 0.8 20 50.67 0.633729 0.828443 2.14057 0.188196 4.35517
100 0.8 21 50.17 0.660442 1.0161 0.79033 1.09066 4.29204
100 0.8 22 50.92 0.673086 0.959215 1.88617 0.474562 4.15036
100 0.8 23 50.44 0.624292 0.966197 2.55619 0.886773 4.80292
100 0.8 24 50.41 0.646527 1.65625 0.941865 0.251091 4.39546
100 0.8 25 49.97 0.648746 0.13708 1.95363 0.698154 4.85474
100 0.8 26 50.82 0.683759 1.22047 2.58345 0.225296 3.9809
100 0.8 27 50.19 0.683936 0.703446 1.28953 0.532166 4.50545
100 0.8 28 50.48 0.675016 1.49375 1.50911 0.926397 4.26349
100 0.8 29 50.9 0.615435 -0.130033 0.781167 0.0601552 4.77105
100 0.8 30 50.8 0.649107 0.824036 2.03902 0.99798 4.38872
100 0.8 31 50.76 0.668643 2.05391 1.44189 0.667793 4.42709
100 0.8 32 50.45 0.677895 -0.0193853 0.555462 1.26042 4.23631
100 0.8 33 50.81 0.626327 0.110576 1.30199 1.24138 4.6751
100 0.8 34 50.6 0.673373 1.37515 1.30146 0.399357 4.10152
100 0.8 35 50.71 0.668341 -0.201778 1.07257 0.90059 4.07222
100 0.8 36 50.6 0.655805 1.42283 1.6134 0.610933 4.35143
100 0.8 37 50.7 0.708236 0.118824 1.87949 -0.856295 4.1249
100 0.8 38 50.77 0.6309 0.125005 0.692238 -0.214716 4.52556
100 0.8 39 50.63 0.653109 1.57764 1.94073 0.207224 4.51149
100 0.8 40 50.55 0.652048 1.09055 0.986151 -0.300127 4.38828
100 0.8 41 50.17 0.634948 0.051364 1.78553 0.211482 4.42055
100 0.8 42 50.59 0.66126 0.523638 2.09678 1.33639 4.46699
100 0.8 43 50.57 0.665118 1.25984 1.78063 -0.938297 4.48429
100 0.8 44 50.8 0.626002 -0.318817 2.64843 0.886381 4.3091
100 0.8 45 50.22 0.61674 0.920664 2.548 -0.205566 5.25255
100 0.8 46 50.21 0.674534 -0.660583 1.35787 -0.379306 4.19577
100 0.8 47 50.54 0.647328 -0.734971 1.30042 2.23799 4.68528
100 0.8 48 49.97 0.691482 1.0889 1.73199 0.144695 4.32449
100 0.8 49 50.11 0.686055 -0.0789387 2.60676 -0.0261457 4.37321
100 0.9 0 47.72 0.728298 0.917316 -0.0134099 0.00320203 3.86631
100 0.9 1 47.58 0.7224 0.8422 1.73875 0.320296 3.98141
100 0.9 2 48.01 0.716079 1.55887 1.32587 0.864451 3.80156
100 0.9 3 47.56 0.620061 1.0952 2.12923 1.07964 4.31591
100 0.9 4 47.33 0.720632 0.680027 2.3669 0.583372 4.30793
100 0.9 5 47.71 0.633594 1.39711 1.49827 1.02589 4.2577
100 0.9 6 47.99 0.713335 0.0316249 1.2344 0.570678 3.63919
100 0.9 7 47.1 0.684607 1.12325 2.94016 -0.555639 4.54446
100 0.9 8 47.76 0.671275 -0.29262 1.20068 1.00369 4.09626
100 0.9 9 48.16 0.656901 1.81113 1.57042 2.34259 3.56811
100 0.9 10 47.15 0.697205 0.536634 1.39692 0.889398 4.17847
100 0.9 11 47.55 0.69176 0.401385 2.27941 0.453605 4.27935
100 0.9 12 47.55 0.667066 0.427057 1.08273 0.185066 4.04138
100 0.9 13 48.15 0.654382 1.69379 2.42164 -0.569394 4.14271
100 0.9 14 47.71 0.648154 0.319349 1.6195 0.773959 4.13439
100 0.9 15 47.55 0.65592 1.16519 2.2433 0.439714 4.13897
100 0.9 16 47.87 0.693008 0.698507 0.22961 -0.258061 3.769
100 0.9 17 47.87 0.705335 0.846547 1.48288 -1.20453 3.982
100 0.9 18 47.71 0.613144 1.03096 0.163758 0.212363 4.52992
100 0.9 19 47.72 0.708377 1.19653 0.891868 0.323108 4.04929
100 0.9 20 47.92 0.66473 1.79803 2.12264 0.121025 4.04087
100 0.9 21 47.47 0.695304 0.502526 0.889261 0.727525 4.19551
100 0.9 22 47.86 0.643172 0.604118 2.05583 0.293773 4.08246
100 0.9 23 48.1 0.69511 0.810301 -0.318179 0.541604 3.7786
100 0.9 24 47.92 0.678035 1.23422 0.704354 -0.53614 3.91264
100 0.9 25 47.45 0.68939 1.49212 1.73012 1.28029 4.07672
100 0.9 26 47.78 0.694356 0.661587 1.337 0.309711 4.0454
100 0.9 27 47.59 0.617981 0.582714 1.72566 0.180407 4.45567
100 0.9 28 47.66 0.67124 1.06367 2.21646 0.518886 4.11698
100 0.9 29 47.52 0.698233 1.10265 0.822021 1.29319 3.95211
100 0.9 30 47.77 0.744922 0.0197246 2.42849 0.0790791 3.78969
100 0.9 31 47.54 0.683881 -0.89779 1.89317 -0.595694 4.1117
100 0.9 32 47.51 0.682045 0.63405 0.31842 1.66289 4.15384
100 0.9 33 47.54 0.626415 0.938746 2.89703 -2.1041 4.50795
100 0.9 34 47.48 0.678268 1.80579 1.6071 1.61121 4.2565
100 0.9 35 47.78 0.685349 0.752069 1.28704 0.646061 4.02501
100 0.9 36 48.2 0.710575 1.83313 0.610743 0.944736 3.86026
100 0.9 37 47.66 0.66334 1.28844 1.31888 0.480848 3.76248
100 0.9 38 47.77 0.645896 0.0385215 0.225023 0.0473676 4.05766
100 0.9 39 47.76 0.656811 0.385708 2.23496 -0.681277 4.25921
100 0.9 40 47.66 0.657022 0.60803 1.37934 1.76687 4.11799
100 0.9 41 47.83 0.733902 0.853874 1.04761 1.77722 3.74437
100 0.9 42 47.71 0.71262 1.59404 0.67491 0.967931 4.02206
100 0.9 43 47.49 0.698187 0.836198 2.0458 1.41308 4.19335
100 0.9 44 47.48 0.671882 -0.0886216 2.45749 1.59526 4.29725
100 0.9 45 47.52 0.638625 -0.535837 1.63654 -0.081112 4.25132
100 0.9 46 47.72 0.671203 0.0924613 1.06415 0.60798 3.89491
100 0.9 47 47.7 0.72995 -0.703838 1.48012 0.180882 3.9027
100 0.9 48 47.59 0.680681 0.769532 2.03101 -0.502086 4.16561
100 0.9 49 47.66 0.651434 0.583201 2.02636 0.805905 4.09142
100 1 0 45.52 0.724674 0.811735 1.41988 0.549757 4.0507
100 1 1 45.52 0.68899 1.97286 1.33755 -0.398228 4.06184
100 1 2 45.63 0.708105 -0.769031 0.934432 -0.796067 3.94376
100 1 3 45.6 0.671403 0.915312 1.72049 0.957073 4.40252
100 1 4 45.23 0.761236 0.523579 1.94265 1.06724 3.98948
100 1 5 45.69 0.750079 1.38087 2.21197 0.62457 3.73432
100 1 6 45.85 0.652075 1.22907 1.2236 0.40593 4.08448
100 1 7 45.33 0.769813 1.54079 1.35375 1.55943 3.81198
100 1 8 45.43 0.711869 0.878215 1.10013 0.00246051 4.11999
100 1 9 45.61 0.727942 0.275848 1.07919 0.149817 3.73835
100 1 10 45.66 0.716602 -0.270827 0.395252 0.587823 3.9755
100 1 11 45.29 0.652512 0.484001 2.57321 0.401097 4.67249
100 1 12 45.28 0.739138 1.46504 1.63728 -0.337117 4.01356
100 1 13 45.1 0.771593 0.490867 1.83043 0.416143 4.01036
100 1 14 45.53 0.661166 -0.451752 2.551 0.88591 4.41763
100 1 15 45.21 0.731926 0.855601 2.24983 0.334406 3.99484
100 1 16 45.45 0.732422 0.706044 2.13687 0.991845 4.14387
100 1 17 45.59 0.712029 1.03799 0.93267 -0.0118912 3.75195
100 1 18 45.72 0.698974 -0.526922 1.22168 0.678365 3.93015
100 1 19 45.62 0.710847 0.236869 1.46981 0.766757 3.83548
100 1 20 45.71 0.706753 0.76464 1.88287 1.03769 3.52518
100 1 21 45.55 0.736064 0.669387 -0.0493537 0.997991 3.86276
100 1 22 45.79 0.659686 1.12917 2.57813 0.0417416 4.11633
100 1 23 45.66 0.702784 0.898473 1.80655 1.18141 4.05635
100 1 24 45.42 0.764598 1.35917 1.92505 1.34662 3.73498
100 1 25 45.63 0.690231 0.714028 2.14103 -1.20513 4.14756
100 1 26 45.43 0.71838 0.479974 1.56584 -0.0708312 3.97125
100 1 27 45.59 0.698627 0.642804 1.87852 -1.04318 3.74296
100 1 28 45.33 0.678908 1.85051 1.35852 0.111253 4.13485
100 1 29 45.61 0.710555 -0.115433 0.38519 0.424262 4.00627
100 1 30 45.57 0.677006 0.109612 1.17178 0.0145077 4.05826
100 1 31 45.72 0.683471 -0.340478 1.16815 -0.320872 4.079
100 1 32 45.39 0.69788 1.94253 1.07258 -0.0392999 3.9926
100 1 33 45.57 0.650696 1.30319 0.981228 1.61495 4.26432
100 1 34 45.96 0.637676 0.624849 1.72183 0.0665554 4.08669
100 1 35 45.94 0.69383 -0.346092 0.342723 -0.0537005 3.89507
100 1 36 45.6 0.730896 1.1582 2.76936 -0.139236 3.95528
100 1 37 45.56 0.724247 0.432177 2.11388 -0.127962 3.92358
100 1 38 45.34 0.699513 0.435526 1.06466 -0.215171 4.06709
100 1 39 45.37 0.738216 0.319237 1.29071 -0.231335 3.81571
100 1 40 45.37 0.758943 0.552261 1.50172 0.617114 3.92709
100 1 41 45.5 0.729105 1.10048 1.19954 1.22206 4.01984
100 1 42 45.74 0.725267 1.06916 1.70302 0.292831 3.92973
100 1 43 45.54 0.648918 1.17486 1.91371 0.976128 4.08098
100 1 44 45.74 0.752677 1.77316 0.711145 0.486704 3.71905
100 1 45 45.51 0.706745 1.17108 0.158094 -0.544897 3.90227
100 1 46 45.51 0.710691 0.651123 1.21061 1.0741 3.89003
100 1 47 45.62 0.718761 1.3772 1.30286 0.488792 3.86757
100 1 48 45.4 0.726251 0.817077 1.06014 0.0260943 3.90155
100 1 49 45.47 0.733675 0.494497 1.99972 -0.148179 3.79647
